"name","downloadsLink","year","day"
"VNP46A1.A2013226.h00v02.001.2019117012635.h5","https://ladsweb.modaps.eosdis.nasa.gov/archive/allData/5000/VNP46A1/2013/226/VNP46A1.A2013226.h00v02.001.2019117012635.h5",2013,"226"
"VNP46A1.A2013226.h00v03.001.2019117014616.h5","https://ladsweb.modaps.eosdis.nasa.gov/archive/allData/5000/VNP46A1/2013/226/VNP46A1.A2013226.h00v03.001.2019117014616.h5",2013,"226"
"VNP46A1.A2013226.h00v04.001.2019117023735.h5","https://ladsweb.modaps.eosdis.nasa.gov/archive/allData/5000/VNP46A1/2013/226/VNP46A1.A2013226.h00v04.001.2019117023735.h5",2013,"226"
"VNP46A1.A2013226.h00v05.001.2019117033407.h5","https://ladsweb.modaps.eosdis.nasa.gov/archive/allData/5000/VNP46A1/2013/226/VNP46A1.A2013226.h00v05.001.2019117033407.h5",2013,"226"
"VNP46A1.A2013226.h00v06.001.2019117012135.h5","https://ladsweb.modaps.eosdis.nasa.gov/archive/allData/5000/VNP46A1/2013/226/VNP46A1.A2013226.h00v06.001.2019117012135.h5",2013,"226"
"VNP46A1.A2013226.h00v07.001.2019117014635.h5","https://ladsweb.modaps.eosdis.nasa.gov/archive/allData/5000/VNP46A1/2013/226/VNP46A1.A2013226.h00v07.001.2019117014635.h5",2013,"226"
"VNP46A1.A2013226.h00v08.001.2019117013426.h5","https://ladsweb.modaps.eosdis.nasa.gov/archive/allData/5000/VNP46A1/2013/226/VNP46A1.A2013226.h00v08.001.2019117013426.h5",2013,"226"
"VNP46A1.A2013226.h00v09.001.2019117012144.h5","https://ladsweb.modaps.eosdis.nasa.gov/archive/allData/5000/VNP46A1/2013/226/VNP46A1.A2013226.h00v09.001.2019117012144.h5",2013,"226"
"VNP46A1.A2013226.h00v10.001.2019117013054.h5","https://ladsweb.modaps.eosdis.nasa.gov/archive/allData/5000/VNP46A1/2013/226/VNP46A1.A2013226.h00v10.001.2019117013054.h5",2013,"226"
"VNP46A1.A2013226.h00v11.001.2019117013531.h5","https://ladsweb.modaps.eosdis.nasa.gov/archive/allData/5000/VNP46A1/2013/226/VNP46A1.A2013226.h00v11.001.2019117013531.h5",2013,"226"
"VNP46A1.A2013226.h00v12.001.2019117012157.h5","https://ladsweb.modaps.eosdis.nasa.gov/archive/allData/5000/VNP46A1/2013/226/VNP46A1.A2013226.h00v12.001.2019117012157.h5",2013,"226"
"VNP46A1.A2013226.h00v13.001.2019117014120.h5","https://ladsweb.modaps.eosdis.nasa.gov/archive/allData/5000/VNP46A1/2013/226/VNP46A1.A2013226.h00v13.001.2019117014120.h5",2013,"226"
"VNP46A1.A2013226.h00v14.001.2019117025613.h5","https://ladsweb.modaps.eosdis.nasa.gov/archive/allData/5000/VNP46A1/2013/226/VNP46A1.A2013226.h00v14.001.2019117025613.h5",2013,"226"
"VNP46A1.A2013226.h00v15.001.2019117035341.h5","https://ladsweb.modaps.eosdis.nasa.gov/archive/allData/5000/VNP46A1/2013/226/VNP46A1.A2013226.h00v15.001.2019117035341.h5",2013,"226"
"VNP46A1.A2013226.h00v16.001.2019117012415.h5","https://ladsweb.modaps.eosdis.nasa.gov/archive/allData/5000/VNP46A1/2013/226/VNP46A1.A2013226.h00v16.001.2019117012415.h5",2013,"226"
"VNP46A1.A2013226.h00v17.001.2019117012852.h5","https://ladsweb.modaps.eosdis.nasa.gov/archive/allData/5000/VNP46A1/2013/226/VNP46A1.A2013226.h00v17.001.2019117012852.h5",2013,"226"
"VNP46A1.A2013226.h01v02.001.2019117013206.h5","https://ladsweb.modaps.eosdis.nasa.gov/archive/allData/5000/VNP46A1/2013/226/VNP46A1.A2013226.h01v02.001.2019117013206.h5",2013,"226"
"VNP46A1.A2013226.h01v03.001.2019117012649.h5","https://ladsweb.modaps.eosdis.nasa.gov/archive/allData/5000/VNP46A1/2013/226/VNP46A1.A2013226.h01v03.001.2019117012649.h5",2013,"226"
"VNP46A1.A2013226.h01v04.001.2019117014434.h5","https://ladsweb.modaps.eosdis.nasa.gov/archive/allData/5000/VNP46A1/2013/226/VNP46A1.A2013226.h01v04.001.2019117014434.h5",2013,"226"
"VNP46A1.A2013226.h01v05.001.2019117014709.h5","https://ladsweb.modaps.eosdis.nasa.gov/archive/allData/5000/VNP46A1/2013/226/VNP46A1.A2013226.h01v05.001.2019117014709.h5",2013,"226"
"VNP46A1.A2013226.h01v06.001.2019117013008.h5","https://ladsweb.modaps.eosdis.nasa.gov/archive/allData/5000/VNP46A1/2013/226/VNP46A1.A2013226.h01v06.001.2019117013008.h5",2013,"226"
"VNP46A1.A2013226.h01v07.001.2019117012227.h5","https://ladsweb.modaps.eosdis.nasa.gov/archive/allData/5000/VNP46A1/2013/226/VNP46A1.A2013226.h01v07.001.2019117012227.h5",2013,"226"
"VNP46A1.A2013226.h01v08.001.2019117013105.h5","https://ladsweb.modaps.eosdis.nasa.gov/archive/allData/5000/VNP46A1/2013/226/VNP46A1.A2013226.h01v08.001.2019117013105.h5",2013,"226"
"VNP46A1.A2013226.h01v09.001.2019117040107.h5","https://ladsweb.modaps.eosdis.nasa.gov/archive/allData/5000/VNP46A1/2013/226/VNP46A1.A2013226.h01v09.001.2019117040107.h5",2013,"226"
"VNP46A1.A2013226.h01v10.001.2019117055528.h5","https://ladsweb.modaps.eosdis.nasa.gov/archive/allData/5000/VNP46A1/2013/226/VNP46A1.A2013226.h01v10.001.2019117055528.h5",2013,"226"
"VNP46A1.A2013226.h01v11.001.2019117014626.h5","https://ladsweb.modaps.eosdis.nasa.gov/archive/allData/5000/VNP46A1/2013/226/VNP46A1.A2013226.h01v11.001.2019117014626.h5",2013,"226"
"VNP46A1.A2013226.h01v12.001.2019117013552.h5","https://ladsweb.modaps.eosdis.nasa.gov/archive/allData/5000/VNP46A1/2013/226/VNP46A1.A2013226.h01v12.001.2019117013552.h5",2013,"226"
"VNP46A1.A2013226.h01v13.001.2019117013458.h5","https://ladsweb.modaps.eosdis.nasa.gov/archive/allData/5000/VNP46A1/2013/226/VNP46A1.A2013226.h01v13.001.2019117013458.h5",2013,"226"
"VNP46A1.A2013226.h01v14.001.2019117014728.h5","https://ladsweb.modaps.eosdis.nasa.gov/archive/allData/5000/VNP46A1/2013/226/VNP46A1.A2013226.h01v14.001.2019117014728.h5",2013,"226"
"VNP46A1.A2013226.h01v15.001.2019117013830.h5","https://ladsweb.modaps.eosdis.nasa.gov/archive/allData/5000/VNP46A1/2013/226/VNP46A1.A2013226.h01v15.001.2019117013830.h5",2013,"226"
"VNP46A1.A2013226.h01v16.001.2019117013204.h5","https://ladsweb.modaps.eosdis.nasa.gov/archive/allData/5000/VNP46A1/2013/226/VNP46A1.A2013226.h01v16.001.2019117013204.h5",2013,"226"
"VNP46A1.A2013226.h01v17.001.2019117014909.h5","https://ladsweb.modaps.eosdis.nasa.gov/archive/allData/5000/VNP46A1/2013/226/VNP46A1.A2013226.h01v17.001.2019117014909.h5",2013,"226"
"VNP46A1.A2013226.h02v02.001.2019117013026.h5","https://ladsweb.modaps.eosdis.nasa.gov/archive/allData/5000/VNP46A1/2013/226/VNP46A1.A2013226.h02v02.001.2019117013026.h5",2013,"226"
"VNP46A1.A2013226.h02v03.001.2019117014747.h5","https://ladsweb.modaps.eosdis.nasa.gov/archive/allData/5000/VNP46A1/2013/226/VNP46A1.A2013226.h02v03.001.2019117014747.h5",2013,"226"
"VNP46A1.A2013226.h02v04.001.2019117025620.h5","https://ladsweb.modaps.eosdis.nasa.gov/archive/allData/5000/VNP46A1/2013/226/VNP46A1.A2013226.h02v04.001.2019117025620.h5",2013,"226"
"VNP46A1.A2013226.h02v05.001.2019117011617.h5","https://ladsweb.modaps.eosdis.nasa.gov/archive/allData/5000/VNP46A1/2013/226/VNP46A1.A2013226.h02v05.001.2019117011617.h5",2013,"226"
"VNP46A1.A2013226.h02v06.001.2019117040010.h5","https://ladsweb.modaps.eosdis.nasa.gov/archive/allData/5000/VNP46A1/2013/226/VNP46A1.A2013226.h02v06.001.2019117040010.h5",2013,"226"
"VNP46A1.A2013226.h02v07.001.2019117012922.h5","https://ladsweb.modaps.eosdis.nasa.gov/archive/allData/5000/VNP46A1/2013/226/VNP46A1.A2013226.h02v07.001.2019117012922.h5",2013,"226"
"VNP46A1.A2013226.h02v08.001.2019117035858.h5","https://ladsweb.modaps.eosdis.nasa.gov/archive/allData/5000/VNP46A1/2013/226/VNP46A1.A2013226.h02v08.001.2019117035858.h5",2013,"226"
"VNP46A1.A2013226.h02v09.001.2019117013156.h5","https://ladsweb.modaps.eosdis.nasa.gov/archive/allData/5000/VNP46A1/2013/226/VNP46A1.A2013226.h02v09.001.2019117013156.h5",2013,"226"
"VNP46A1.A2013226.h02v10.001.2019117014643.h5","https://ladsweb.modaps.eosdis.nasa.gov/archive/allData/5000/VNP46A1/2013/226/VNP46A1.A2013226.h02v10.001.2019117014643.h5",2013,"226"
"VNP46A1.A2013226.h02v11.001.2019117013127.h5","https://ladsweb.modaps.eosdis.nasa.gov/archive/allData/5000/VNP46A1/2013/226/VNP46A1.A2013226.h02v11.001.2019117013127.h5",2013,"226"
"VNP46A1.A2013226.h02v12.001.2019117014144.h5","https://ladsweb.modaps.eosdis.nasa.gov/archive/allData/5000/VNP46A1/2013/226/VNP46A1.A2013226.h02v12.001.2019117014144.h5",2013,"226"
"VNP46A1.A2013226.h02v13.001.2019117023745.h5","https://ladsweb.modaps.eosdis.nasa.gov/archive/allData/5000/VNP46A1/2013/226/VNP46A1.A2013226.h02v13.001.2019117023745.h5",2013,"226"
"VNP46A1.A2013226.h02v14.001.2019117013615.h5","https://ladsweb.modaps.eosdis.nasa.gov/archive/allData/5000/VNP46A1/2013/226/VNP46A1.A2013226.h02v14.001.2019117013615.h5",2013,"226"
"VNP46A1.A2013226.h02v15.001.2019117012850.h5","https://ladsweb.modaps.eosdis.nasa.gov/archive/allData/5000/VNP46A1/2013/226/VNP46A1.A2013226.h02v15.001.2019117012850.h5",2013,"226"
"VNP46A1.A2013226.h02v16.001.2019117013203.h5","https://ladsweb.modaps.eosdis.nasa.gov/archive/allData/5000/VNP46A1/2013/226/VNP46A1.A2013226.h02v16.001.2019117013203.h5",2013,"226"
"VNP46A1.A2013226.h02v17.001.2019117013422.h5","https://ladsweb.modaps.eosdis.nasa.gov/archive/allData/5000/VNP46A1/2013/226/VNP46A1.A2013226.h02v17.001.2019117013422.h5",2013,"226"
"VNP46A1.A2013226.h03v02.001.2019117012329.h5","https://ladsweb.modaps.eosdis.nasa.gov/archive/allData/5000/VNP46A1/2013/226/VNP46A1.A2013226.h03v02.001.2019117012329.h5",2013,"226"
"VNP46A1.A2013226.h03v03.001.2019117040020.h5","https://ladsweb.modaps.eosdis.nasa.gov/archive/allData/5000/VNP46A1/2013/226/VNP46A1.A2013226.h03v03.001.2019117040020.h5",2013,"226"
"VNP46A1.A2013226.h03v04.001.2019117035348.h5","https://ladsweb.modaps.eosdis.nasa.gov/archive/allData/5000/VNP46A1/2013/226/VNP46A1.A2013226.h03v04.001.2019117035348.h5",2013,"226"
"VNP46A1.A2013226.h03v05.001.2019117012129.h5","https://ladsweb.modaps.eosdis.nasa.gov/archive/allData/5000/VNP46A1/2013/226/VNP46A1.A2013226.h03v05.001.2019117012129.h5",2013,"226"
"VNP46A1.A2013226.h03v06.001.2019117013203.h5","https://ladsweb.modaps.eosdis.nasa.gov/archive/allData/5000/VNP46A1/2013/226/VNP46A1.A2013226.h03v06.001.2019117013203.h5",2013,"226"
"VNP46A1.A2013226.h03v07.001.2019117014756.h5","https://ladsweb.modaps.eosdis.nasa.gov/archive/allData/5000/VNP46A1/2013/226/VNP46A1.A2013226.h03v07.001.2019117014756.h5",2013,"226"
"VNP46A1.A2013226.h03v08.001.2019117013218.h5","https://ladsweb.modaps.eosdis.nasa.gov/archive/allData/5000/VNP46A1/2013/226/VNP46A1.A2013226.h03v08.001.2019117013218.h5",2013,"226"
"VNP46A1.A2013226.h03v09.001.2019117013045.h5","https://ladsweb.modaps.eosdis.nasa.gov/archive/allData/5000/VNP46A1/2013/226/VNP46A1.A2013226.h03v09.001.2019117013045.h5",2013,"226"
"VNP46A1.A2013226.h03v10.001.2019117013103.h5","https://ladsweb.modaps.eosdis.nasa.gov/archive/allData/5000/VNP46A1/2013/226/VNP46A1.A2013226.h03v10.001.2019117013103.h5",2013,"226"
"VNP46A1.A2013226.h03v11.001.2019117014809.h5","https://ladsweb.modaps.eosdis.nasa.gov/archive/allData/5000/VNP46A1/2013/226/VNP46A1.A2013226.h03v11.001.2019117014809.h5",2013,"226"
"VNP46A1.A2013226.h03v12.001.2019117013224.h5","https://ladsweb.modaps.eosdis.nasa.gov/archive/allData/5000/VNP46A1/2013/226/VNP46A1.A2013226.h03v12.001.2019117013224.h5",2013,"226"
"VNP46A1.A2013226.h03v13.001.2019117035358.h5","https://ladsweb.modaps.eosdis.nasa.gov/archive/allData/5000/VNP46A1/2013/226/VNP46A1.A2013226.h03v13.001.2019117035358.h5",2013,"226"
"VNP46A1.A2013226.h03v14.001.2019117011727.h5","https://ladsweb.modaps.eosdis.nasa.gov/archive/allData/5000/VNP46A1/2013/226/VNP46A1.A2013226.h03v14.001.2019117011727.h5",2013,"226"
"VNP46A1.A2013226.h03v15.001.2019117013512.h5","https://ladsweb.modaps.eosdis.nasa.gov/archive/allData/5000/VNP46A1/2013/226/VNP46A1.A2013226.h03v15.001.2019117013512.h5",2013,"226"
"VNP46A1.A2013226.h03v16.001.2019117015021.h5","https://ladsweb.modaps.eosdis.nasa.gov/archive/allData/5000/VNP46A1/2013/226/VNP46A1.A2013226.h03v16.001.2019117015021.h5",2013,"226"
"VNP46A1.A2013226.h03v17.001.2019117014418.h5","https://ladsweb.modaps.eosdis.nasa.gov/archive/allData/5000/VNP46A1/2013/226/VNP46A1.A2013226.h03v17.001.2019117014418.h5",2013,"226"
"VNP46A1.A2013226.h04v02.001.2019117012845.h5","https://ladsweb.modaps.eosdis.nasa.gov/archive/allData/5000/VNP46A1/2013/226/VNP46A1.A2013226.h04v02.001.2019117012845.h5",2013,"226"
"VNP46A1.A2013226.h04v03.001.2019117012210.h5","https://ladsweb.modaps.eosdis.nasa.gov/archive/allData/5000/VNP46A1/2013/226/VNP46A1.A2013226.h04v03.001.2019117012210.h5",2013,"226"
"VNP46A1.A2013226.h04v04.001.2019117013259.h5","https://ladsweb.modaps.eosdis.nasa.gov/archive/allData/5000/VNP46A1/2013/226/VNP46A1.A2013226.h04v04.001.2019117013259.h5",2013,"226"
"VNP46A1.A2013226.h04v05.001.2019117013244.h5","https://ladsweb.modaps.eosdis.nasa.gov/archive/allData/5000/VNP46A1/2013/226/VNP46A1.A2013226.h04v05.001.2019117013244.h5",2013,"226"
"VNP46A1.A2013226.h04v06.001.2019117013046.h5","https://ladsweb.modaps.eosdis.nasa.gov/archive/allData/5000/VNP46A1/2013/226/VNP46A1.A2013226.h04v06.001.2019117013046.h5",2013,"226"
"VNP46A1.A2013226.h04v07.001.2019117012246.h5","https://ladsweb.modaps.eosdis.nasa.gov/archive/allData/5000/VNP46A1/2013/226/VNP46A1.A2013226.h04v07.001.2019117012246.h5",2013,"226"
"VNP46A1.A2013226.h04v08.001.2019117013258.h5","https://ladsweb.modaps.eosdis.nasa.gov/archive/allData/5000/VNP46A1/2013/226/VNP46A1.A2013226.h04v08.001.2019117013258.h5",2013,"226"
"VNP46A1.A2013226.h04v09.001.2019117013331.h5","https://ladsweb.modaps.eosdis.nasa.gov/archive/allData/5000/VNP46A1/2013/226/VNP46A1.A2013226.h04v09.001.2019117013331.h5",2013,"226"
"VNP46A1.A2013226.h04v10.001.2019117013849.h5","https://ladsweb.modaps.eosdis.nasa.gov/archive/allData/5000/VNP46A1/2013/226/VNP46A1.A2013226.h04v10.001.2019117013849.h5",2013,"226"
"VNP46A1.A2013226.h04v11.001.2019117013336.h5","https://ladsweb.modaps.eosdis.nasa.gov/archive/allData/5000/VNP46A1/2013/226/VNP46A1.A2013226.h04v11.001.2019117013336.h5",2013,"226"
"VNP46A1.A2013226.h04v12.001.2019117012246.h5","https://ladsweb.modaps.eosdis.nasa.gov/archive/allData/5000/VNP46A1/2013/226/VNP46A1.A2013226.h04v12.001.2019117012246.h5",2013,"226"
"VNP46A1.A2013226.h04v13.001.2019117014830.h5","https://ladsweb.modaps.eosdis.nasa.gov/archive/allData/5000/VNP46A1/2013/226/VNP46A1.A2013226.h04v13.001.2019117014830.h5",2013,"226"
"VNP46A1.A2013226.h04v14.001.2019117014333.h5","https://ladsweb.modaps.eosdis.nasa.gov/archive/allData/5000/VNP46A1/2013/226/VNP46A1.A2013226.h04v14.001.2019117014333.h5",2013,"226"
"VNP46A1.A2013226.h04v15.001.2019117013559.h5","https://ladsweb.modaps.eosdis.nasa.gov/archive/allData/5000/VNP46A1/2013/226/VNP46A1.A2013226.h04v15.001.2019117013559.h5",2013,"226"
"VNP46A1.A2013226.h04v16.001.2019117013857.h5","https://ladsweb.modaps.eosdis.nasa.gov/archive/allData/5000/VNP46A1/2013/226/VNP46A1.A2013226.h04v16.001.2019117013857.h5",2013,"226"
"VNP46A1.A2013226.h04v17.001.2019117015019.h5","https://ladsweb.modaps.eosdis.nasa.gov/archive/allData/5000/VNP46A1/2013/226/VNP46A1.A2013226.h04v17.001.2019117015019.h5",2013,"226"
"VNP46A1.A2013226.h05v02.001.2019117013524.h5","https://ladsweb.modaps.eosdis.nasa.gov/archive/allData/5000/VNP46A1/2013/226/VNP46A1.A2013226.h05v02.001.2019117013524.h5",2013,"226"
"VNP46A1.A2013226.h05v03.001.2019117014717.h5","https://ladsweb.modaps.eosdis.nasa.gov/archive/allData/5000/VNP46A1/2013/226/VNP46A1.A2013226.h05v03.001.2019117014717.h5",2013,"226"
"VNP46A1.A2013226.h05v04.001.2019117013919.h5","https://ladsweb.modaps.eosdis.nasa.gov/archive/allData/5000/VNP46A1/2013/226/VNP46A1.A2013226.h05v04.001.2019117013919.h5",2013,"226"
"VNP46A1.A2013226.h05v05.001.2019117013531.h5","https://ladsweb.modaps.eosdis.nasa.gov/archive/allData/5000/VNP46A1/2013/226/VNP46A1.A2013226.h05v05.001.2019117013531.h5",2013,"226"
"VNP46A1.A2013226.h05v06.001.2019117014451.h5","https://ladsweb.modaps.eosdis.nasa.gov/archive/allData/5000/VNP46A1/2013/226/VNP46A1.A2013226.h05v06.001.2019117014451.h5",2013,"226"
"VNP46A1.A2013226.h05v07.001.2019117011802.h5","https://ladsweb.modaps.eosdis.nasa.gov/archive/allData/5000/VNP46A1/2013/226/VNP46A1.A2013226.h05v07.001.2019117011802.h5",2013,"226"
"VNP46A1.A2013226.h05v08.001.2019117013126.h5","https://ladsweb.modaps.eosdis.nasa.gov/archive/allData/5000/VNP46A1/2013/226/VNP46A1.A2013226.h05v08.001.2019117013126.h5",2013,"226"
"VNP46A1.A2013226.h05v09.001.2019117014458.h5","https://ladsweb.modaps.eosdis.nasa.gov/archive/allData/5000/VNP46A1/2013/226/VNP46A1.A2013226.h05v09.001.2019117014458.h5",2013,"226"
"VNP46A1.A2013226.h05v10.001.2019117014800.h5","https://ladsweb.modaps.eosdis.nasa.gov/archive/allData/5000/VNP46A1/2013/226/VNP46A1.A2013226.h05v10.001.2019117014800.h5",2013,"226"
"VNP46A1.A2013226.h05v11.001.2019117023003.h5","https://ladsweb.modaps.eosdis.nasa.gov/archive/allData/5000/VNP46A1/2013/226/VNP46A1.A2013226.h05v11.001.2019117023003.h5",2013,"226"
"VNP46A1.A2013226.h05v12.001.2019117011830.h5","https://ladsweb.modaps.eosdis.nasa.gov/archive/allData/5000/VNP46A1/2013/226/VNP46A1.A2013226.h05v12.001.2019117011830.h5",2013,"226"
"VNP46A1.A2013226.h05v13.001.2019117012354.h5","https://ladsweb.modaps.eosdis.nasa.gov/archive/allData/5000/VNP46A1/2013/226/VNP46A1.A2013226.h05v13.001.2019117012354.h5",2013,"226"
"VNP46A1.A2013226.h05v14.001.2019117014411.h5","https://ladsweb.modaps.eosdis.nasa.gov/archive/allData/5000/VNP46A1/2013/226/VNP46A1.A2013226.h05v14.001.2019117014411.h5",2013,"226"
"VNP46A1.A2013226.h05v15.001.2019117015121.h5","https://ladsweb.modaps.eosdis.nasa.gov/archive/allData/5000/VNP46A1/2013/226/VNP46A1.A2013226.h05v15.001.2019117015121.h5",2013,"226"
"VNP46A1.A2013226.h05v16.001.2019117013422.h5","https://ladsweb.modaps.eosdis.nasa.gov/archive/allData/5000/VNP46A1/2013/226/VNP46A1.A2013226.h05v16.001.2019117013422.h5",2013,"226"
"VNP46A1.A2013226.h05v17.001.2019117013225.h5","https://ladsweb.modaps.eosdis.nasa.gov/archive/allData/5000/VNP46A1/2013/226/VNP46A1.A2013226.h05v17.001.2019117013225.h5",2013,"226"
"VNP46A1.A2013226.h06v02.001.2019117011906.h5","https://ladsweb.modaps.eosdis.nasa.gov/archive/allData/5000/VNP46A1/2013/226/VNP46A1.A2013226.h06v02.001.2019117011906.h5",2013,"226"
"VNP46A1.A2013226.h06v03.001.2019117012502.h5","https://ladsweb.modaps.eosdis.nasa.gov/archive/allData/5000/VNP46A1/2013/226/VNP46A1.A2013226.h06v03.001.2019117012502.h5",2013,"226"
"VNP46A1.A2013226.h06v04.001.2019117013241.h5","https://ladsweb.modaps.eosdis.nasa.gov/archive/allData/5000/VNP46A1/2013/226/VNP46A1.A2013226.h06v04.001.2019117013241.h5",2013,"226"
"VNP46A1.A2013226.h06v05.001.2019117013526.h5","https://ladsweb.modaps.eosdis.nasa.gov/archive/allData/5000/VNP46A1/2013/226/VNP46A1.A2013226.h06v05.001.2019117013526.h5",2013,"226"
"VNP46A1.A2013226.h06v06.001.2019117012815.h5","https://ladsweb.modaps.eosdis.nasa.gov/archive/allData/5000/VNP46A1/2013/226/VNP46A1.A2013226.h06v06.001.2019117012815.h5",2013,"226"
"VNP46A1.A2013226.h06v07.001.2019117033656.h5","https://ladsweb.modaps.eosdis.nasa.gov/archive/allData/5000/VNP46A1/2013/226/VNP46A1.A2013226.h06v07.001.2019117033656.h5",2013,"226"
"VNP46A1.A2013226.h06v08.001.2019117013517.h5","https://ladsweb.modaps.eosdis.nasa.gov/archive/allData/5000/VNP46A1/2013/226/VNP46A1.A2013226.h06v08.001.2019117013517.h5",2013,"226"
"VNP46A1.A2013226.h06v09.001.2019117012829.h5","https://ladsweb.modaps.eosdis.nasa.gov/archive/allData/5000/VNP46A1/2013/226/VNP46A1.A2013226.h06v09.001.2019117012829.h5",2013,"226"
"VNP46A1.A2013226.h06v10.001.2019117013256.h5","https://ladsweb.modaps.eosdis.nasa.gov/archive/allData/5000/VNP46A1/2013/226/VNP46A1.A2013226.h06v10.001.2019117013256.h5",2013,"226"
"VNP46A1.A2013226.h06v11.001.2019117013225.h5","https://ladsweb.modaps.eosdis.nasa.gov/archive/allData/5000/VNP46A1/2013/226/VNP46A1.A2013226.h06v11.001.2019117013225.h5",2013,"226"
"VNP46A1.A2013226.h06v12.001.2019117044741.h5","https://ladsweb.modaps.eosdis.nasa.gov/archive/allData/5000/VNP46A1/2013/226/VNP46A1.A2013226.h06v12.001.2019117044741.h5",2013,"226"
"VNP46A1.A2013226.h06v13.001.2019117015011.h5","https://ladsweb.modaps.eosdis.nasa.gov/archive/allData/5000/VNP46A1/2013/226/VNP46A1.A2013226.h06v13.001.2019117015011.h5",2013,"226"
"VNP46A1.A2013226.h06v14.001.2019117013350.h5","https://ladsweb.modaps.eosdis.nasa.gov/archive/allData/5000/VNP46A1/2013/226/VNP46A1.A2013226.h06v14.001.2019117013350.h5",2013,"226"
"VNP46A1.A2013226.h06v15.001.2019117013959.h5","https://ladsweb.modaps.eosdis.nasa.gov/archive/allData/5000/VNP46A1/2013/226/VNP46A1.A2013226.h06v15.001.2019117013959.h5",2013,"226"
"VNP46A1.A2013226.h06v16.001.2019117013638.h5","https://ladsweb.modaps.eosdis.nasa.gov/archive/allData/5000/VNP46A1/2013/226/VNP46A1.A2013226.h06v16.001.2019117013638.h5",2013,"226"
"VNP46A1.A2013226.h06v17.001.2019117013637.h5","https://ladsweb.modaps.eosdis.nasa.gov/archive/allData/5000/VNP46A1/2013/226/VNP46A1.A2013226.h06v17.001.2019117013637.h5",2013,"226"
"VNP46A1.A2013226.h07v02.001.2019117013636.h5","https://ladsweb.modaps.eosdis.nasa.gov/archive/allData/5000/VNP46A1/2013/226/VNP46A1.A2013226.h07v02.001.2019117013636.h5",2013,"226"
"VNP46A1.A2013226.h07v03.001.2019117055543.h5","https://ladsweb.modaps.eosdis.nasa.gov/archive/allData/5000/VNP46A1/2013/226/VNP46A1.A2013226.h07v03.001.2019117055543.h5",2013,"226"
"VNP46A1.A2013226.h07v04.001.2019117013304.h5","https://ladsweb.modaps.eosdis.nasa.gov/archive/allData/5000/VNP46A1/2013/226/VNP46A1.A2013226.h07v04.001.2019117013304.h5",2013,"226"
"VNP46A1.A2013226.h07v05.001.2019117014538.h5","https://ladsweb.modaps.eosdis.nasa.gov/archive/allData/5000/VNP46A1/2013/226/VNP46A1.A2013226.h07v05.001.2019117014538.h5",2013,"226"
"VNP46A1.A2013226.h07v06.001.2019117055548.h5","https://ladsweb.modaps.eosdis.nasa.gov/archive/allData/5000/VNP46A1/2013/226/VNP46A1.A2013226.h07v06.001.2019117055548.h5",2013,"226"
"VNP46A1.A2013226.h07v07.001.2019117024443.h5","https://ladsweb.modaps.eosdis.nasa.gov/archive/allData/5000/VNP46A1/2013/226/VNP46A1.A2013226.h07v07.001.2019117024443.h5",2013,"226"
"VNP46A1.A2013226.h07v08.001.2019117014355.h5","https://ladsweb.modaps.eosdis.nasa.gov/archive/allData/5000/VNP46A1/2013/226/VNP46A1.A2013226.h07v08.001.2019117014355.h5",2013,"226"
"VNP46A1.A2013226.h07v09.001.2019117013635.h5","https://ladsweb.modaps.eosdis.nasa.gov/archive/allData/5000/VNP46A1/2013/226/VNP46A1.A2013226.h07v09.001.2019117013635.h5",2013,"226"
"VNP46A1.A2013226.h07v10.001.2019117012430.h5","https://ladsweb.modaps.eosdis.nasa.gov/archive/allData/5000/VNP46A1/2013/226/VNP46A1.A2013226.h07v10.001.2019117012430.h5",2013,"226"
"VNP46A1.A2013226.h07v11.001.2019117013635.h5","https://ladsweb.modaps.eosdis.nasa.gov/archive/allData/5000/VNP46A1/2013/226/VNP46A1.A2013226.h07v11.001.2019117013635.h5",2013,"226"
"VNP46A1.A2013226.h07v12.001.2019117012448.h5","https://ladsweb.modaps.eosdis.nasa.gov/archive/allData/5000/VNP46A1/2013/226/VNP46A1.A2013226.h07v12.001.2019117012448.h5",2013,"226"
"VNP46A1.A2013226.h07v13.001.2019117013732.h5","https://ladsweb.modaps.eosdis.nasa.gov/archive/allData/5000/VNP46A1/2013/226/VNP46A1.A2013226.h07v13.001.2019117013732.h5",2013,"226"
"VNP46A1.A2013226.h07v14.001.2019117012922.h5","https://ladsweb.modaps.eosdis.nasa.gov/archive/allData/5000/VNP46A1/2013/226/VNP46A1.A2013226.h07v14.001.2019117012922.h5",2013,"226"
"VNP46A1.A2013226.h07v15.001.2019117051537.h5","https://ladsweb.modaps.eosdis.nasa.gov/archive/allData/5000/VNP46A1/2013/226/VNP46A1.A2013226.h07v15.001.2019117051537.h5",2013,"226"
"VNP46A1.A2013226.h07v16.001.2019117012803.h5","https://ladsweb.modaps.eosdis.nasa.gov/archive/allData/5000/VNP46A1/2013/226/VNP46A1.A2013226.h07v16.001.2019117012803.h5",2013,"226"
"VNP46A1.A2013226.h07v17.001.2019117013944.h5","https://ladsweb.modaps.eosdis.nasa.gov/archive/allData/5000/VNP46A1/2013/226/VNP46A1.A2013226.h07v17.001.2019117013944.h5",2013,"226"
"VNP46A1.A2013226.h08v02.001.2019117034917.h5","https://ladsweb.modaps.eosdis.nasa.gov/archive/allData/5000/VNP46A1/2013/226/VNP46A1.A2013226.h08v02.001.2019117034917.h5",2013,"226"
"VNP46A1.A2013226.h08v03.001.2019117013429.h5","https://ladsweb.modaps.eosdis.nasa.gov/archive/allData/5000/VNP46A1/2013/226/VNP46A1.A2013226.h08v03.001.2019117013429.h5",2013,"226"
"VNP46A1.A2013226.h08v04.001.2019117012535.h5","https://ladsweb.modaps.eosdis.nasa.gov/archive/allData/5000/VNP46A1/2013/226/VNP46A1.A2013226.h08v04.001.2019117012535.h5",2013,"226"
"VNP46A1.A2013226.h08v05.001.2019117012329.h5","https://ladsweb.modaps.eosdis.nasa.gov/archive/allData/5000/VNP46A1/2013/226/VNP46A1.A2013226.h08v05.001.2019117012329.h5",2013,"226"
"VNP46A1.A2013226.h08v06.001.2019117013531.h5","https://ladsweb.modaps.eosdis.nasa.gov/archive/allData/5000/VNP46A1/2013/226/VNP46A1.A2013226.h08v06.001.2019117013531.h5",2013,"226"
"VNP46A1.A2013226.h08v07.001.2019117014534.h5","https://ladsweb.modaps.eosdis.nasa.gov/archive/allData/5000/VNP46A1/2013/226/VNP46A1.A2013226.h08v07.001.2019117014534.h5",2013,"226"
"VNP46A1.A2013226.h08v08.001.2019117012934.h5","https://ladsweb.modaps.eosdis.nasa.gov/archive/allData/5000/VNP46A1/2013/226/VNP46A1.A2013226.h08v08.001.2019117012934.h5",2013,"226"
"VNP46A1.A2013226.h08v09.001.2019117025624.h5","https://ladsweb.modaps.eosdis.nasa.gov/archive/allData/5000/VNP46A1/2013/226/VNP46A1.A2013226.h08v09.001.2019117025624.h5",2013,"226"
"VNP46A1.A2013226.h08v10.001.2019117011829.h5","https://ladsweb.modaps.eosdis.nasa.gov/archive/allData/5000/VNP46A1/2013/226/VNP46A1.A2013226.h08v10.001.2019117011829.h5",2013,"226"
"VNP46A1.A2013226.h08v11.001.2019117012601.h5","https://ladsweb.modaps.eosdis.nasa.gov/archive/allData/5000/VNP46A1/2013/226/VNP46A1.A2013226.h08v11.001.2019117012601.h5",2013,"226"
"VNP46A1.A2013226.h08v12.001.2019117040427.h5","https://ladsweb.modaps.eosdis.nasa.gov/archive/allData/5000/VNP46A1/2013/226/VNP46A1.A2013226.h08v12.001.2019117040427.h5",2013,"226"
"VNP46A1.A2013226.h08v13.001.2019117014704.h5","https://ladsweb.modaps.eosdis.nasa.gov/archive/allData/5000/VNP46A1/2013/226/VNP46A1.A2013226.h08v13.001.2019117014704.h5",2013,"226"
"VNP46A1.A2013226.h08v14.001.2019117023026.h5","https://ladsweb.modaps.eosdis.nasa.gov/archive/allData/5000/VNP46A1/2013/226/VNP46A1.A2013226.h08v14.001.2019117023026.h5",2013,"226"
"VNP46A1.A2013226.h08v15.001.2019117025709.h5","https://ladsweb.modaps.eosdis.nasa.gov/archive/allData/5000/VNP46A1/2013/226/VNP46A1.A2013226.h08v15.001.2019117025709.h5",2013,"226"
"VNP46A1.A2013226.h08v16.001.2019117033348.h5","https://ladsweb.modaps.eosdis.nasa.gov/archive/allData/5000/VNP46A1/2013/226/VNP46A1.A2013226.h08v16.001.2019117033348.h5",2013,"226"
"VNP46A1.A2013226.h08v17.001.2019117013722.h5","https://ladsweb.modaps.eosdis.nasa.gov/archive/allData/5000/VNP46A1/2013/226/VNP46A1.A2013226.h08v17.001.2019117013722.h5",2013,"226"
"VNP46A1.A2013226.h09v02.001.2019117013504.h5","https://ladsweb.modaps.eosdis.nasa.gov/archive/allData/5000/VNP46A1/2013/226/VNP46A1.A2013226.h09v02.001.2019117013504.h5",2013,"226"
"VNP46A1.A2013226.h09v03.001.2019117013505.h5","https://ladsweb.modaps.eosdis.nasa.gov/archive/allData/5000/VNP46A1/2013/226/VNP46A1.A2013226.h09v03.001.2019117013505.h5",2013,"226"
"VNP46A1.A2013226.h09v04.001.2019117012328.h5","https://ladsweb.modaps.eosdis.nasa.gov/archive/allData/5000/VNP46A1/2013/226/VNP46A1.A2013226.h09v04.001.2019117012328.h5",2013,"226"
"VNP46A1.A2013226.h09v05.001.2019117013528.h5","https://ladsweb.modaps.eosdis.nasa.gov/archive/allData/5000/VNP46A1/2013/226/VNP46A1.A2013226.h09v05.001.2019117013528.h5",2013,"226"
"VNP46A1.A2013226.h09v06.001.2019117013455.h5","https://ladsweb.modaps.eosdis.nasa.gov/archive/allData/5000/VNP46A1/2013/226/VNP46A1.A2013226.h09v06.001.2019117013455.h5",2013,"226"
"VNP46A1.A2013226.h09v07.001.2019117012635.h5","https://ladsweb.modaps.eosdis.nasa.gov/archive/allData/5000/VNP46A1/2013/226/VNP46A1.A2013226.h09v07.001.2019117012635.h5",2013,"226"
"VNP46A1.A2013226.h09v08.001.2019117014605.h5","https://ladsweb.modaps.eosdis.nasa.gov/archive/allData/5000/VNP46A1/2013/226/VNP46A1.A2013226.h09v08.001.2019117014605.h5",2013,"226"
"VNP46A1.A2013226.h09v09.001.2019117013536.h5","https://ladsweb.modaps.eosdis.nasa.gov/archive/allData/5000/VNP46A1/2013/226/VNP46A1.A2013226.h09v09.001.2019117013536.h5",2013,"226"
"VNP46A1.A2013226.h09v10.001.2019117011910.h5","https://ladsweb.modaps.eosdis.nasa.gov/archive/allData/5000/VNP46A1/2013/226/VNP46A1.A2013226.h09v10.001.2019117011910.h5",2013,"226"
"VNP46A1.A2013226.h09v11.001.2019117012705.h5","https://ladsweb.modaps.eosdis.nasa.gov/archive/allData/5000/VNP46A1/2013/226/VNP46A1.A2013226.h09v11.001.2019117012705.h5",2013,"226"
"VNP46A1.A2013226.h09v12.001.2019117013601.h5","https://ladsweb.modaps.eosdis.nasa.gov/archive/allData/5000/VNP46A1/2013/226/VNP46A1.A2013226.h09v12.001.2019117013601.h5",2013,"226"
"VNP46A1.A2013226.h09v13.001.2019117033704.h5","https://ladsweb.modaps.eosdis.nasa.gov/archive/allData/5000/VNP46A1/2013/226/VNP46A1.A2013226.h09v13.001.2019117033704.h5",2013,"226"
"VNP46A1.A2013226.h09v14.001.2019117014117.h5","https://ladsweb.modaps.eosdis.nasa.gov/archive/allData/5000/VNP46A1/2013/226/VNP46A1.A2013226.h09v14.001.2019117014117.h5",2013,"226"
"VNP46A1.A2013226.h09v15.001.2019117013955.h5","https://ladsweb.modaps.eosdis.nasa.gov/archive/allData/5000/VNP46A1/2013/226/VNP46A1.A2013226.h09v15.001.2019117013955.h5",2013,"226"
"VNP46A1.A2013226.h09v16.001.2019117013954.h5","https://ladsweb.modaps.eosdis.nasa.gov/archive/allData/5000/VNP46A1/2013/226/VNP46A1.A2013226.h09v16.001.2019117013954.h5",2013,"226"
"VNP46A1.A2013226.h09v17.001.2019117013945.h5","https://ladsweb.modaps.eosdis.nasa.gov/archive/allData/5000/VNP46A1/2013/226/VNP46A1.A2013226.h09v17.001.2019117013945.h5",2013,"226"
"VNP46A1.A2013226.h10v02.001.2019117014112.h5","https://ladsweb.modaps.eosdis.nasa.gov/archive/allData/5000/VNP46A1/2013/226/VNP46A1.A2013226.h10v02.001.2019117014112.h5",2013,"226"
"VNP46A1.A2013226.h10v03.001.2019117014522.h5","https://ladsweb.modaps.eosdis.nasa.gov/archive/allData/5000/VNP46A1/2013/226/VNP46A1.A2013226.h10v03.001.2019117014522.h5",2013,"226"
"VNP46A1.A2013226.h10v04.001.2019117013612.h5","https://ladsweb.modaps.eosdis.nasa.gov/archive/allData/5000/VNP46A1/2013/226/VNP46A1.A2013226.h10v04.001.2019117013612.h5",2013,"226"
"VNP46A1.A2013226.h10v05.001.2019117014449.h5","https://ladsweb.modaps.eosdis.nasa.gov/archive/allData/5000/VNP46A1/2013/226/VNP46A1.A2013226.h10v05.001.2019117014449.h5",2013,"226"
"VNP46A1.A2013226.h10v06.001.2019117013758.h5","https://ladsweb.modaps.eosdis.nasa.gov/archive/allData/5000/VNP46A1/2013/226/VNP46A1.A2013226.h10v06.001.2019117013758.h5",2013,"226"
"VNP46A1.A2013226.h10v07.001.2019117014839.h5","https://ladsweb.modaps.eosdis.nasa.gov/archive/allData/5000/VNP46A1/2013/226/VNP46A1.A2013226.h10v07.001.2019117014839.h5",2013,"226"
"VNP46A1.A2013226.h10v08.001.2019117013658.h5","https://ladsweb.modaps.eosdis.nasa.gov/archive/allData/5000/VNP46A1/2013/226/VNP46A1.A2013226.h10v08.001.2019117013658.h5",2013,"226"
"VNP46A1.A2013226.h10v09.001.2019117011940.h5","https://ladsweb.modaps.eosdis.nasa.gov/archive/allData/5000/VNP46A1/2013/226/VNP46A1.A2013226.h10v09.001.2019117011940.h5",2013,"226"
"VNP46A1.A2013226.h10v10.001.2019117013606.h5","https://ladsweb.modaps.eosdis.nasa.gov/archive/allData/5000/VNP46A1/2013/226/VNP46A1.A2013226.h10v10.001.2019117013606.h5",2013,"226"
"VNP46A1.A2013226.h10v11.001.2019117014630.h5","https://ladsweb.modaps.eosdis.nasa.gov/archive/allData/5000/VNP46A1/2013/226/VNP46A1.A2013226.h10v11.001.2019117014630.h5",2013,"226"
"VNP46A1.A2013226.h10v12.001.2019117012739.h5","https://ladsweb.modaps.eosdis.nasa.gov/archive/allData/5000/VNP46A1/2013/226/VNP46A1.A2013226.h10v12.001.2019117012739.h5",2013,"226"
"VNP46A1.A2013226.h10v13.001.2019117013652.h5","https://ladsweb.modaps.eosdis.nasa.gov/archive/allData/5000/VNP46A1/2013/226/VNP46A1.A2013226.h10v13.001.2019117013652.h5",2013,"226"
"VNP46A1.A2013226.h10v14.001.2019117012909.h5","https://ladsweb.modaps.eosdis.nasa.gov/archive/allData/5000/VNP46A1/2013/226/VNP46A1.A2013226.h10v14.001.2019117012909.h5",2013,"226"
"VNP46A1.A2013226.h10v15.001.2019117015329.h5","https://ladsweb.modaps.eosdis.nasa.gov/archive/allData/5000/VNP46A1/2013/226/VNP46A1.A2013226.h10v15.001.2019117015329.h5",2013,"226"
"VNP46A1.A2013226.h10v16.001.2019117014842.h5","https://ladsweb.modaps.eosdis.nasa.gov/archive/allData/5000/VNP46A1/2013/226/VNP46A1.A2013226.h10v16.001.2019117014842.h5",2013,"226"
"VNP46A1.A2013226.h10v17.001.2019117013123.h5","https://ladsweb.modaps.eosdis.nasa.gov/archive/allData/5000/VNP46A1/2013/226/VNP46A1.A2013226.h10v17.001.2019117013123.h5",2013,"226"
"VNP46A1.A2013226.h11v02.001.2019117014816.h5","https://ladsweb.modaps.eosdis.nasa.gov/archive/allData/5000/VNP46A1/2013/226/VNP46A1.A2013226.h11v02.001.2019117014816.h5",2013,"226"
"VNP46A1.A2013226.h11v03.001.2019117013007.h5","https://ladsweb.modaps.eosdis.nasa.gov/archive/allData/5000/VNP46A1/2013/226/VNP46A1.A2013226.h11v03.001.2019117013007.h5",2013,"226"
"VNP46A1.A2013226.h11v04.001.2019117011958.h5","https://ladsweb.modaps.eosdis.nasa.gov/archive/allData/5000/VNP46A1/2013/226/VNP46A1.A2013226.h11v04.001.2019117011958.h5",2013,"226"
"VNP46A1.A2013226.h11v05.001.2019117033422.h5","https://ladsweb.modaps.eosdis.nasa.gov/archive/allData/5000/VNP46A1/2013/226/VNP46A1.A2013226.h11v05.001.2019117033422.h5",2013,"226"
"VNP46A1.A2013226.h11v06.001.2019117023800.h5","https://ladsweb.modaps.eosdis.nasa.gov/archive/allData/5000/VNP46A1/2013/226/VNP46A1.A2013226.h11v06.001.2019117023800.h5",2013,"226"
"VNP46A1.A2013226.h11v07.001.2019117013245.h5","https://ladsweb.modaps.eosdis.nasa.gov/archive/allData/5000/VNP46A1/2013/226/VNP46A1.A2013226.h11v07.001.2019117013245.h5",2013,"226"
"VNP46A1.A2013226.h11v08.001.2019117014523.h5","https://ladsweb.modaps.eosdis.nasa.gov/archive/allData/5000/VNP46A1/2013/226/VNP46A1.A2013226.h11v08.001.2019117014523.h5",2013,"226"
"VNP46A1.A2013226.h11v09.001.2019117012401.h5","https://ladsweb.modaps.eosdis.nasa.gov/archive/allData/5000/VNP46A1/2013/226/VNP46A1.A2013226.h11v09.001.2019117012401.h5",2013,"226"
"VNP46A1.A2013226.h11v10.001.2019117013830.h5","https://ladsweb.modaps.eosdis.nasa.gov/archive/allData/5000/VNP46A1/2013/226/VNP46A1.A2013226.h11v10.001.2019117013830.h5",2013,"226"
"VNP46A1.A2013226.h11v11.001.2019117012828.h5","https://ladsweb.modaps.eosdis.nasa.gov/archive/allData/5000/VNP46A1/2013/226/VNP46A1.A2013226.h11v11.001.2019117012828.h5",2013,"226"
"VNP46A1.A2013226.h11v12.001.2019117012029.h5","https://ladsweb.modaps.eosdis.nasa.gov/archive/allData/5000/VNP46A1/2013/226/VNP46A1.A2013226.h11v12.001.2019117012029.h5",2013,"226"
"VNP46A1.A2013226.h11v13.001.2019117014759.h5","https://ladsweb.modaps.eosdis.nasa.gov/archive/allData/5000/VNP46A1/2013/226/VNP46A1.A2013226.h11v13.001.2019117014759.h5",2013,"226"
"VNP46A1.A2013226.h11v14.001.2019117012607.h5","https://ladsweb.modaps.eosdis.nasa.gov/archive/allData/5000/VNP46A1/2013/226/VNP46A1.A2013226.h11v14.001.2019117012607.h5",2013,"226"
"VNP46A1.A2013226.h11v15.001.2019117014212.h5","https://ladsweb.modaps.eosdis.nasa.gov/archive/allData/5000/VNP46A1/2013/226/VNP46A1.A2013226.h11v15.001.2019117014212.h5",2013,"226"
"VNP46A1.A2013226.h11v16.001.2019117013350.h5","https://ladsweb.modaps.eosdis.nasa.gov/archive/allData/5000/VNP46A1/2013/226/VNP46A1.A2013226.h11v16.001.2019117013350.h5",2013,"226"
"VNP46A1.A2013226.h11v17.001.2019117013118.h5","https://ladsweb.modaps.eosdis.nasa.gov/archive/allData/5000/VNP46A1/2013/226/VNP46A1.A2013226.h11v17.001.2019117013118.h5",2013,"226"
"VNP46A1.A2013226.h12v02.001.2019117014858.h5","https://ladsweb.modaps.eosdis.nasa.gov/archive/allData/5000/VNP46A1/2013/226/VNP46A1.A2013226.h12v02.001.2019117014858.h5",2013,"226"
"VNP46A1.A2013226.h12v03.001.2019117012533.h5","https://ladsweb.modaps.eosdis.nasa.gov/archive/allData/5000/VNP46A1/2013/226/VNP46A1.A2013226.h12v03.001.2019117012533.h5",2013,"226"
"VNP46A1.A2013226.h12v04.001.2019117013048.h5","https://ladsweb.modaps.eosdis.nasa.gov/archive/allData/5000/VNP46A1/2013/226/VNP46A1.A2013226.h12v04.001.2019117013048.h5",2013,"226"
"VNP46A1.A2013226.h12v05.001.2019117013744.h5","https://ladsweb.modaps.eosdis.nasa.gov/archive/allData/5000/VNP46A1/2013/226/VNP46A1.A2013226.h12v05.001.2019117013744.h5",2013,"226"
"VNP46A1.A2013226.h12v06.001.2019117033429.h5","https://ladsweb.modaps.eosdis.nasa.gov/archive/allData/5000/VNP46A1/2013/226/VNP46A1.A2013226.h12v06.001.2019117033429.h5",2013,"226"
"VNP46A1.A2013226.h12v07.001.2019117013753.h5","https://ladsweb.modaps.eosdis.nasa.gov/archive/allData/5000/VNP46A1/2013/226/VNP46A1.A2013226.h12v07.001.2019117013753.h5",2013,"226"
"VNP46A1.A2013226.h12v08.001.2019117023033.h5","https://ladsweb.modaps.eosdis.nasa.gov/archive/allData/5000/VNP46A1/2013/226/VNP46A1.A2013226.h12v08.001.2019117023033.h5",2013,"226"
"VNP46A1.A2013226.h12v09.001.2019117013131.h5","https://ladsweb.modaps.eosdis.nasa.gov/archive/allData/5000/VNP46A1/2013/226/VNP46A1.A2013226.h12v09.001.2019117013131.h5",2013,"226"
"VNP46A1.A2013226.h12v10.001.2019117033434.h5","https://ladsweb.modaps.eosdis.nasa.gov/archive/allData/5000/VNP46A1/2013/226/VNP46A1.A2013226.h12v10.001.2019117033434.h5",2013,"226"
"VNP46A1.A2013226.h12v11.001.2019117013205.h5","https://ladsweb.modaps.eosdis.nasa.gov/archive/allData/5000/VNP46A1/2013/226/VNP46A1.A2013226.h12v11.001.2019117013205.h5",2013,"226"
"VNP46A1.A2013226.h12v12.001.2019117013500.h5","https://ladsweb.modaps.eosdis.nasa.gov/archive/allData/5000/VNP46A1/2013/226/VNP46A1.A2013226.h12v12.001.2019117013500.h5",2013,"226"
"VNP46A1.A2013226.h12v13.001.2019117013310.h5","https://ladsweb.modaps.eosdis.nasa.gov/archive/allData/5000/VNP46A1/2013/226/VNP46A1.A2013226.h12v13.001.2019117013310.h5",2013,"226"
"VNP46A1.A2013226.h12v14.001.2019117012255.h5","https://ladsweb.modaps.eosdis.nasa.gov/archive/allData/5000/VNP46A1/2013/226/VNP46A1.A2013226.h12v14.001.2019117012255.h5",2013,"226"
"VNP46A1.A2013226.h12v15.001.2019117012823.h5","https://ladsweb.modaps.eosdis.nasa.gov/archive/allData/5000/VNP46A1/2013/226/VNP46A1.A2013226.h12v15.001.2019117012823.h5",2013,"226"
"VNP46A1.A2013226.h12v16.001.2019117013552.h5","https://ladsweb.modaps.eosdis.nasa.gov/archive/allData/5000/VNP46A1/2013/226/VNP46A1.A2013226.h12v16.001.2019117013552.h5",2013,"226"
"VNP46A1.A2013226.h12v17.001.2019117024531.h5","https://ladsweb.modaps.eosdis.nasa.gov/archive/allData/5000/VNP46A1/2013/226/VNP46A1.A2013226.h12v17.001.2019117024531.h5",2013,"226"
"VNP46A1.A2013226.h13v02.001.2019117012213.h5","https://ladsweb.modaps.eosdis.nasa.gov/archive/allData/5000/VNP46A1/2013/226/VNP46A1.A2013226.h13v02.001.2019117012213.h5",2013,"226"
"VNP46A1.A2013226.h13v03.001.2019117013505.h5","https://ladsweb.modaps.eosdis.nasa.gov/archive/allData/5000/VNP46A1/2013/226/VNP46A1.A2013226.h13v03.001.2019117013505.h5",2013,"226"
"VNP46A1.A2013226.h13v04.001.2019117012920.h5","https://ladsweb.modaps.eosdis.nasa.gov/archive/allData/5000/VNP46A1/2013/226/VNP46A1.A2013226.h13v04.001.2019117012920.h5",2013,"226"
"VNP46A1.A2013226.h13v05.001.2019117055556.h5","https://ladsweb.modaps.eosdis.nasa.gov/archive/allData/5000/VNP46A1/2013/226/VNP46A1.A2013226.h13v05.001.2019117055556.h5",2013,"226"
"VNP46A1.A2013226.h13v06.001.2019117013432.h5","https://ladsweb.modaps.eosdis.nasa.gov/archive/allData/5000/VNP46A1/2013/226/VNP46A1.A2013226.h13v06.001.2019117013432.h5",2013,"226"
"VNP46A1.A2013226.h13v07.001.2019117012925.h5","https://ladsweb.modaps.eosdis.nasa.gov/archive/allData/5000/VNP46A1/2013/226/VNP46A1.A2013226.h13v07.001.2019117012925.h5",2013,"226"
"VNP46A1.A2013226.h13v08.001.2019117013803.h5","https://ladsweb.modaps.eosdis.nasa.gov/archive/allData/5000/VNP46A1/2013/226/VNP46A1.A2013226.h13v08.001.2019117013803.h5",2013,"226"
"VNP46A1.A2013226.h13v09.001.2019117013432.h5","https://ladsweb.modaps.eosdis.nasa.gov/archive/allData/5000/VNP46A1/2013/226/VNP46A1.A2013226.h13v09.001.2019117013432.h5",2013,"226"
"VNP46A1.A2013226.h13v10.001.2019117013413.h5","https://ladsweb.modaps.eosdis.nasa.gov/archive/allData/5000/VNP46A1/2013/226/VNP46A1.A2013226.h13v10.001.2019117013413.h5",2013,"226"
"VNP46A1.A2013226.h13v11.001.2019117012552.h5","https://ladsweb.modaps.eosdis.nasa.gov/archive/allData/5000/VNP46A1/2013/226/VNP46A1.A2013226.h13v11.001.2019117012552.h5",2013,"226"
"VNP46A1.A2013226.h13v12.001.2019117013458.h5","https://ladsweb.modaps.eosdis.nasa.gov/archive/allData/5000/VNP46A1/2013/226/VNP46A1.A2013226.h13v12.001.2019117013458.h5",2013,"226"
"VNP46A1.A2013226.h13v13.001.2019117015045.h5","https://ladsweb.modaps.eosdis.nasa.gov/archive/allData/5000/VNP46A1/2013/226/VNP46A1.A2013226.h13v13.001.2019117015045.h5",2013,"226"
"VNP46A1.A2013226.h13v14.001.2019117013646.h5","https://ladsweb.modaps.eosdis.nasa.gov/archive/allData/5000/VNP46A1/2013/226/VNP46A1.A2013226.h13v14.001.2019117013646.h5",2013,"226"
"VNP46A1.A2013226.h13v15.001.2019117013233.h5","https://ladsweb.modaps.eosdis.nasa.gov/archive/allData/5000/VNP46A1/2013/226/VNP46A1.A2013226.h13v15.001.2019117013233.h5",2013,"226"
"VNP46A1.A2013226.h13v16.001.2019117024931.h5","https://ladsweb.modaps.eosdis.nasa.gov/archive/allData/5000/VNP46A1/2013/226/VNP46A1.A2013226.h13v16.001.2019117024931.h5",2013,"226"
"VNP46A1.A2013226.h13v17.001.2019117014933.h5","https://ladsweb.modaps.eosdis.nasa.gov/archive/allData/5000/VNP46A1/2013/226/VNP46A1.A2013226.h13v17.001.2019117014933.h5",2013,"226"
"VNP46A1.A2013226.h14v02.001.2019117033737.h5","https://ladsweb.modaps.eosdis.nasa.gov/archive/allData/5000/VNP46A1/2013/226/VNP46A1.A2013226.h14v02.001.2019117033737.h5",2013,"226"
"VNP46A1.A2013226.h14v03.001.2019117013754.h5","https://ladsweb.modaps.eosdis.nasa.gov/archive/allData/5000/VNP46A1/2013/226/VNP46A1.A2013226.h14v03.001.2019117013754.h5",2013,"226"
"VNP46A1.A2013226.h14v04.001.2019117013534.h5","https://ladsweb.modaps.eosdis.nasa.gov/archive/allData/5000/VNP46A1/2013/226/VNP46A1.A2013226.h14v04.001.2019117013534.h5",2013,"226"
"VNP46A1.A2013226.h14v05.001.2019117013543.h5","https://ladsweb.modaps.eosdis.nasa.gov/archive/allData/5000/VNP46A1/2013/226/VNP46A1.A2013226.h14v05.001.2019117013543.h5",2013,"226"
"VNP46A1.A2013226.h14v06.001.2019117013957.h5","https://ladsweb.modaps.eosdis.nasa.gov/archive/allData/5000/VNP46A1/2013/226/VNP46A1.A2013226.h14v06.001.2019117013957.h5",2013,"226"
"VNP46A1.A2013226.h14v07.001.2019117013719.h5","https://ladsweb.modaps.eosdis.nasa.gov/archive/allData/5000/VNP46A1/2013/226/VNP46A1.A2013226.h14v07.001.2019117013719.h5",2013,"226"
"VNP46A1.A2013226.h14v08.001.2019117013721.h5","https://ladsweb.modaps.eosdis.nasa.gov/archive/allData/5000/VNP46A1/2013/226/VNP46A1.A2013226.h14v08.001.2019117013721.h5",2013,"226"
"VNP46A1.A2013226.h14v09.001.2019117012114.h5","https://ladsweb.modaps.eosdis.nasa.gov/archive/allData/5000/VNP46A1/2013/226/VNP46A1.A2013226.h14v09.001.2019117012114.h5",2013,"226"
"VNP46A1.A2013226.h14v10.001.2019117014742.h5","https://ladsweb.modaps.eosdis.nasa.gov/archive/allData/5000/VNP46A1/2013/226/VNP46A1.A2013226.h14v10.001.2019117014742.h5",2013,"226"
"VNP46A1.A2013226.h14v11.001.2019117013611.h5","https://ladsweb.modaps.eosdis.nasa.gov/archive/allData/5000/VNP46A1/2013/226/VNP46A1.A2013226.h14v11.001.2019117013611.h5",2013,"226"
"VNP46A1.A2013226.h14v12.001.2019117034838.h5","https://ladsweb.modaps.eosdis.nasa.gov/archive/allData/5000/VNP46A1/2013/226/VNP46A1.A2013226.h14v12.001.2019117034838.h5",2013,"226"
"VNP46A1.A2013226.h14v13.001.2019117041323.h5","https://ladsweb.modaps.eosdis.nasa.gov/archive/allData/5000/VNP46A1/2013/226/VNP46A1.A2013226.h14v13.001.2019117041323.h5",2013,"226"
"VNP46A1.A2013226.h14v14.001.2019117013700.h5","https://ladsweb.modaps.eosdis.nasa.gov/archive/allData/5000/VNP46A1/2013/226/VNP46A1.A2013226.h14v14.001.2019117013700.h5",2013,"226"
"VNP46A1.A2013226.h14v15.001.2019117013922.h5","https://ladsweb.modaps.eosdis.nasa.gov/archive/allData/5000/VNP46A1/2013/226/VNP46A1.A2013226.h14v15.001.2019117013922.h5",2013,"226"
"VNP46A1.A2013226.h14v16.001.2019117013957.h5","https://ladsweb.modaps.eosdis.nasa.gov/archive/allData/5000/VNP46A1/2013/226/VNP46A1.A2013226.h14v16.001.2019117013957.h5",2013,"226"
"VNP46A1.A2013226.h14v17.001.2019117013609.h5","https://ladsweb.modaps.eosdis.nasa.gov/archive/allData/5000/VNP46A1/2013/226/VNP46A1.A2013226.h14v17.001.2019117013609.h5",2013,"226"
"VNP46A1.A2013226.h15v02.001.2019117013331.h5","https://ladsweb.modaps.eosdis.nasa.gov/archive/allData/5000/VNP46A1/2013/226/VNP46A1.A2013226.h15v02.001.2019117013331.h5",2013,"226"
"VNP46A1.A2013226.h15v03.001.2019117012706.h5","https://ladsweb.modaps.eosdis.nasa.gov/archive/allData/5000/VNP46A1/2013/226/VNP46A1.A2013226.h15v03.001.2019117012706.h5",2013,"226"
"VNP46A1.A2013226.h15v04.001.2019117012641.h5","https://ladsweb.modaps.eosdis.nasa.gov/archive/allData/5000/VNP46A1/2013/226/VNP46A1.A2013226.h15v04.001.2019117012641.h5",2013,"226"
"VNP46A1.A2013226.h15v05.001.2019117014752.h5","https://ladsweb.modaps.eosdis.nasa.gov/archive/allData/5000/VNP46A1/2013/226/VNP46A1.A2013226.h15v05.001.2019117014752.h5",2013,"226"
"VNP46A1.A2013226.h15v06.001.2019117043821.h5","https://ladsweb.modaps.eosdis.nasa.gov/archive/allData/5000/VNP46A1/2013/226/VNP46A1.A2013226.h15v06.001.2019117043821.h5",2013,"226"
"VNP46A1.A2013226.h15v07.001.2019117014517.h5","https://ladsweb.modaps.eosdis.nasa.gov/archive/allData/5000/VNP46A1/2013/226/VNP46A1.A2013226.h15v07.001.2019117014517.h5",2013,"226"
"VNP46A1.A2013226.h15v08.001.2019117013621.h5","https://ladsweb.modaps.eosdis.nasa.gov/archive/allData/5000/VNP46A1/2013/226/VNP46A1.A2013226.h15v08.001.2019117013621.h5",2013,"226"
"VNP46A1.A2013226.h15v09.001.2019117013700.h5","https://ladsweb.modaps.eosdis.nasa.gov/archive/allData/5000/VNP46A1/2013/226/VNP46A1.A2013226.h15v09.001.2019117013700.h5",2013,"226"
"VNP46A1.A2013226.h15v10.001.2019117014542.h5","https://ladsweb.modaps.eosdis.nasa.gov/archive/allData/5000/VNP46A1/2013/226/VNP46A1.A2013226.h15v10.001.2019117014542.h5",2013,"226"
"VNP46A1.A2013226.h15v11.001.2019117013715.h5","https://ladsweb.modaps.eosdis.nasa.gov/archive/allData/5000/VNP46A1/2013/226/VNP46A1.A2013226.h15v11.001.2019117013715.h5",2013,"226"
"VNP46A1.A2013226.h15v12.001.2019117013655.h5","https://ladsweb.modaps.eosdis.nasa.gov/archive/allData/5000/VNP46A1/2013/226/VNP46A1.A2013226.h15v12.001.2019117013655.h5",2013,"226"
"VNP46A1.A2013226.h15v13.001.2019117012247.h5","https://ladsweb.modaps.eosdis.nasa.gov/archive/allData/5000/VNP46A1/2013/226/VNP46A1.A2013226.h15v13.001.2019117012247.h5",2013,"226"
"VNP46A1.A2013226.h15v14.001.2019117015028.h5","https://ladsweb.modaps.eosdis.nasa.gov/archive/allData/5000/VNP46A1/2013/226/VNP46A1.A2013226.h15v14.001.2019117015028.h5",2013,"226"
"VNP46A1.A2013226.h15v15.001.2019117040108.h5","https://ladsweb.modaps.eosdis.nasa.gov/archive/allData/5000/VNP46A1/2013/226/VNP46A1.A2013226.h15v15.001.2019117040108.h5",2013,"226"
"VNP46A1.A2013226.h15v16.001.2019117014042.h5","https://ladsweb.modaps.eosdis.nasa.gov/archive/allData/5000/VNP46A1/2013/226/VNP46A1.A2013226.h15v16.001.2019117014042.h5",2013,"226"
"VNP46A1.A2013226.h15v17.001.2019117013243.h5","https://ladsweb.modaps.eosdis.nasa.gov/archive/allData/5000/VNP46A1/2013/226/VNP46A1.A2013226.h15v17.001.2019117013243.h5",2013,"226"
"VNP46A1.A2013226.h16v02.001.2019117014944.h5","https://ladsweb.modaps.eosdis.nasa.gov/archive/allData/5000/VNP46A1/2013/226/VNP46A1.A2013226.h16v02.001.2019117014944.h5",2013,"226"
"VNP46A1.A2013226.h16v03.001.2019117013736.h5","https://ladsweb.modaps.eosdis.nasa.gov/archive/allData/5000/VNP46A1/2013/226/VNP46A1.A2013226.h16v03.001.2019117013736.h5",2013,"226"
"VNP46A1.A2013226.h16v04.001.2019117014049.h5","https://ladsweb.modaps.eosdis.nasa.gov/archive/allData/5000/VNP46A1/2013/226/VNP46A1.A2013226.h16v04.001.2019117014049.h5",2013,"226"
"VNP46A1.A2013226.h16v05.001.2019117013747.h5","https://ladsweb.modaps.eosdis.nasa.gov/archive/allData/5000/VNP46A1/2013/226/VNP46A1.A2013226.h16v05.001.2019117013747.h5",2013,"226"
"VNP46A1.A2013226.h16v06.001.2019117034923.h5","https://ladsweb.modaps.eosdis.nasa.gov/archive/allData/5000/VNP46A1/2013/226/VNP46A1.A2013226.h16v06.001.2019117034923.h5",2013,"226"
"VNP46A1.A2013226.h16v07.001.2019117012658.h5","https://ladsweb.modaps.eosdis.nasa.gov/archive/allData/5000/VNP46A1/2013/226/VNP46A1.A2013226.h16v07.001.2019117012658.h5",2013,"226"
"VNP46A1.A2013226.h16v08.001.2019117013636.h5","https://ladsweb.modaps.eosdis.nasa.gov/archive/allData/5000/VNP46A1/2013/226/VNP46A1.A2013226.h16v08.001.2019117013636.h5",2013,"226"
"VNP46A1.A2013226.h16v09.001.2019117014116.h5","https://ladsweb.modaps.eosdis.nasa.gov/archive/allData/5000/VNP46A1/2013/226/VNP46A1.A2013226.h16v09.001.2019117014116.h5",2013,"226"
"VNP46A1.A2013226.h16v10.001.2019117024538.h5","https://ladsweb.modaps.eosdis.nasa.gov/archive/allData/5000/VNP46A1/2013/226/VNP46A1.A2013226.h16v10.001.2019117024538.h5",2013,"226"
"VNP46A1.A2013226.h16v11.001.2019117012712.h5","https://ladsweb.modaps.eosdis.nasa.gov/archive/allData/5000/VNP46A1/2013/226/VNP46A1.A2013226.h16v11.001.2019117012712.h5",2013,"226"
"VNP46A1.A2013226.h16v12.001.2019117013650.h5","https://ladsweb.modaps.eosdis.nasa.gov/archive/allData/5000/VNP46A1/2013/226/VNP46A1.A2013226.h16v12.001.2019117013650.h5",2013,"226"
"VNP46A1.A2013226.h16v13.001.2019117035402.h5","https://ladsweb.modaps.eosdis.nasa.gov/archive/allData/5000/VNP46A1/2013/226/VNP46A1.A2013226.h16v13.001.2019117035402.h5",2013,"226"
"VNP46A1.A2013226.h16v14.001.2019117014246.h5","https://ladsweb.modaps.eosdis.nasa.gov/archive/allData/5000/VNP46A1/2013/226/VNP46A1.A2013226.h16v14.001.2019117014246.h5",2013,"226"
"VNP46A1.A2013226.h16v15.001.2019117014052.h5","https://ladsweb.modaps.eosdis.nasa.gov/archive/allData/5000/VNP46A1/2013/226/VNP46A1.A2013226.h16v15.001.2019117014052.h5",2013,"226"
"VNP46A1.A2013226.h16v16.001.2019117014425.h5","https://ladsweb.modaps.eosdis.nasa.gov/archive/allData/5000/VNP46A1/2013/226/VNP46A1.A2013226.h16v16.001.2019117014425.h5",2013,"226"
"VNP46A1.A2013226.h16v17.001.2019117015058.h5","https://ladsweb.modaps.eosdis.nasa.gov/archive/allData/5000/VNP46A1/2013/226/VNP46A1.A2013226.h16v17.001.2019117015058.h5",2013,"226"
"VNP46A1.A2013226.h17v02.001.2019117013853.h5","https://ladsweb.modaps.eosdis.nasa.gov/archive/allData/5000/VNP46A1/2013/226/VNP46A1.A2013226.h17v02.001.2019117013853.h5",2013,"226"
"VNP46A1.A2013226.h17v03.001.2019117013737.h5","https://ladsweb.modaps.eosdis.nasa.gov/archive/allData/5000/VNP46A1/2013/226/VNP46A1.A2013226.h17v03.001.2019117013737.h5",2013,"226"
"VNP46A1.A2013226.h17v04.001.2019117013728.h5","https://ladsweb.modaps.eosdis.nasa.gov/archive/allData/5000/VNP46A1/2013/226/VNP46A1.A2013226.h17v04.001.2019117013728.h5",2013,"226"
"VNP46A1.A2013226.h17v05.001.2019117035408.h5","https://ladsweb.modaps.eosdis.nasa.gov/archive/allData/5000/VNP46A1/2013/226/VNP46A1.A2013226.h17v05.001.2019117035408.h5",2013,"226"
"VNP46A1.A2013226.h17v06.001.2019117013459.h5","https://ladsweb.modaps.eosdis.nasa.gov/archive/allData/5000/VNP46A1/2013/226/VNP46A1.A2013226.h17v06.001.2019117013459.h5",2013,"226"
"VNP46A1.A2013226.h17v07.001.2019117014105.h5","https://ladsweb.modaps.eosdis.nasa.gov/archive/allData/5000/VNP46A1/2013/226/VNP46A1.A2013226.h17v07.001.2019117014105.h5",2013,"226"
"VNP46A1.A2013226.h17v08.001.2019117013818.h5","https://ladsweb.modaps.eosdis.nasa.gov/archive/allData/5000/VNP46A1/2013/226/VNP46A1.A2013226.h17v08.001.2019117013818.h5",2013,"226"
"VNP46A1.A2013226.h17v09.001.2019117014120.h5","https://ladsweb.modaps.eosdis.nasa.gov/archive/allData/5000/VNP46A1/2013/226/VNP46A1.A2013226.h17v09.001.2019117014120.h5",2013,"226"
"VNP46A1.A2013226.h17v10.001.2019117012737.h5","https://ladsweb.modaps.eosdis.nasa.gov/archive/allData/5000/VNP46A1/2013/226/VNP46A1.A2013226.h17v10.001.2019117012737.h5",2013,"226"
"VNP46A1.A2013226.h17v11.001.2019117013841.h5","https://ladsweb.modaps.eosdis.nasa.gov/archive/allData/5000/VNP46A1/2013/226/VNP46A1.A2013226.h17v11.001.2019117013841.h5",2013,"226"
"VNP46A1.A2013226.h17v12.001.2019117012744.h5","https://ladsweb.modaps.eosdis.nasa.gov/archive/allData/5000/VNP46A1/2013/226/VNP46A1.A2013226.h17v12.001.2019117012744.h5",2013,"226"
"VNP46A1.A2013226.h17v13.001.2019117013854.h5","https://ladsweb.modaps.eosdis.nasa.gov/archive/allData/5000/VNP46A1/2013/226/VNP46A1.A2013226.h17v13.001.2019117013854.h5",2013,"226"
"VNP46A1.A2013226.h17v14.001.2019117014950.h5","https://ladsweb.modaps.eosdis.nasa.gov/archive/allData/5000/VNP46A1/2013/226/VNP46A1.A2013226.h17v14.001.2019117014950.h5",2013,"226"
"VNP46A1.A2013226.h17v15.001.2019117014018.h5","https://ladsweb.modaps.eosdis.nasa.gov/archive/allData/5000/VNP46A1/2013/226/VNP46A1.A2013226.h17v15.001.2019117014018.h5",2013,"226"
"VNP46A1.A2013226.h17v16.001.2019117015149.h5","https://ladsweb.modaps.eosdis.nasa.gov/archive/allData/5000/VNP46A1/2013/226/VNP46A1.A2013226.h17v16.001.2019117015149.h5",2013,"226"
"VNP46A1.A2013226.h17v17.001.2019117041405.h5","https://ladsweb.modaps.eosdis.nasa.gov/archive/allData/5000/VNP46A1/2013/226/VNP46A1.A2013226.h17v17.001.2019117041405.h5",2013,"226"
"VNP46A1.A2013226.h18v02.001.2019117012428.h5","https://ladsweb.modaps.eosdis.nasa.gov/archive/allData/5000/VNP46A1/2013/226/VNP46A1.A2013226.h18v02.001.2019117012428.h5",2013,"226"
"VNP46A1.A2013226.h18v03.001.2019117025724.h5","https://ladsweb.modaps.eosdis.nasa.gov/archive/allData/5000/VNP46A1/2013/226/VNP46A1.A2013226.h18v03.001.2019117025724.h5",2013,"226"
"VNP46A1.A2013226.h18v04.001.2019117013800.h5","https://ladsweb.modaps.eosdis.nasa.gov/archive/allData/5000/VNP46A1/2013/226/VNP46A1.A2013226.h18v04.001.2019117013800.h5",2013,"226"
"VNP46A1.A2013226.h18v05.001.2019117013825.h5","https://ladsweb.modaps.eosdis.nasa.gov/archive/allData/5000/VNP46A1/2013/226/VNP46A1.A2013226.h18v05.001.2019117013825.h5",2013,"226"
"VNP46A1.A2013226.h18v06.001.2019117015015.h5","https://ladsweb.modaps.eosdis.nasa.gov/archive/allData/5000/VNP46A1/2013/226/VNP46A1.A2013226.h18v06.001.2019117015015.h5",2013,"226"
"VNP46A1.A2013226.h18v07.001.2019117025727.h5","https://ladsweb.modaps.eosdis.nasa.gov/archive/allData/5000/VNP46A1/2013/226/VNP46A1.A2013226.h18v07.001.2019117025727.h5",2013,"226"
"VNP46A1.A2013226.h18v08.001.2019117014225.h5","https://ladsweb.modaps.eosdis.nasa.gov/archive/allData/5000/VNP46A1/2013/226/VNP46A1.A2013226.h18v08.001.2019117014225.h5",2013,"226"
"VNP46A1.A2013226.h18v09.001.2019117013130.h5","https://ladsweb.modaps.eosdis.nasa.gov/archive/allData/5000/VNP46A1/2013/226/VNP46A1.A2013226.h18v09.001.2019117013130.h5",2013,"226"
"VNP46A1.A2013226.h18v10.001.2019117012314.h5","https://ladsweb.modaps.eosdis.nasa.gov/archive/allData/5000/VNP46A1/2013/226/VNP46A1.A2013226.h18v10.001.2019117012314.h5",2013,"226"
"VNP46A1.A2013226.h18v11.001.2019117015039.h5","https://ladsweb.modaps.eosdis.nasa.gov/archive/allData/5000/VNP46A1/2013/226/VNP46A1.A2013226.h18v11.001.2019117015039.h5",2013,"226"
"VNP46A1.A2013226.h18v12.001.2019117014234.h5","https://ladsweb.modaps.eosdis.nasa.gov/archive/allData/5000/VNP46A1/2013/226/VNP46A1.A2013226.h18v12.001.2019117014234.h5",2013,"226"
"VNP46A1.A2013226.h18v13.001.2019117015039.h5","https://ladsweb.modaps.eosdis.nasa.gov/archive/allData/5000/VNP46A1/2013/226/VNP46A1.A2013226.h18v13.001.2019117015039.h5",2013,"226"
"VNP46A1.A2013226.h18v14.001.2019117040925.h5","https://ladsweb.modaps.eosdis.nasa.gov/archive/allData/5000/VNP46A1/2013/226/VNP46A1.A2013226.h18v14.001.2019117040925.h5",2013,"226"
"VNP46A1.A2013226.h18v15.001.2019117013148.h5","https://ladsweb.modaps.eosdis.nasa.gov/archive/allData/5000/VNP46A1/2013/226/VNP46A1.A2013226.h18v15.001.2019117013148.h5",2013,"226"
"VNP46A1.A2013226.h18v16.001.2019117013852.h5","https://ladsweb.modaps.eosdis.nasa.gov/archive/allData/5000/VNP46A1/2013/226/VNP46A1.A2013226.h18v16.001.2019117013852.h5",2013,"226"
"VNP46A1.A2013226.h18v17.001.2019117033846.h5","https://ladsweb.modaps.eosdis.nasa.gov/archive/allData/5000/VNP46A1/2013/226/VNP46A1.A2013226.h18v17.001.2019117033846.h5",2013,"226"
"VNP46A1.A2013226.h19v02.001.2019117012413.h5","https://ladsweb.modaps.eosdis.nasa.gov/archive/allData/5000/VNP46A1/2013/226/VNP46A1.A2013226.h19v02.001.2019117012413.h5",2013,"226"
"VNP46A1.A2013226.h19v03.001.2019117012828.h5","https://ladsweb.modaps.eosdis.nasa.gov/archive/allData/5000/VNP46A1/2013/226/VNP46A1.A2013226.h19v03.001.2019117012828.h5",2013,"226"
"VNP46A1.A2013226.h19v04.001.2019117014638.h5","https://ladsweb.modaps.eosdis.nasa.gov/archive/allData/5000/VNP46A1/2013/226/VNP46A1.A2013226.h19v04.001.2019117014638.h5",2013,"226"
"VNP46A1.A2013226.h19v05.001.2019117013744.h5","https://ladsweb.modaps.eosdis.nasa.gov/archive/allData/5000/VNP46A1/2013/226/VNP46A1.A2013226.h19v05.001.2019117013744.h5",2013,"226"
"VNP46A1.A2013226.h19v06.001.2019117023038.h5","https://ladsweb.modaps.eosdis.nasa.gov/archive/allData/5000/VNP46A1/2013/226/VNP46A1.A2013226.h19v06.001.2019117023038.h5",2013,"226"
"VNP46A1.A2013226.h19v07.001.2019117025810.h5","https://ladsweb.modaps.eosdis.nasa.gov/archive/allData/5000/VNP46A1/2013/226/VNP46A1.A2013226.h19v07.001.2019117025810.h5",2013,"226"
"VNP46A1.A2013226.h19v08.001.2019117013924.h5","https://ladsweb.modaps.eosdis.nasa.gov/archive/allData/5000/VNP46A1/2013/226/VNP46A1.A2013226.h19v08.001.2019117013924.h5",2013,"226"
"VNP46A1.A2013226.h19v09.001.2019117012336.h5","https://ladsweb.modaps.eosdis.nasa.gov/archive/allData/5000/VNP46A1/2013/226/VNP46A1.A2013226.h19v09.001.2019117012336.h5",2013,"226"
"VNP46A1.A2013226.h19v10.001.2019117014612.h5","https://ladsweb.modaps.eosdis.nasa.gov/archive/allData/5000/VNP46A1/2013/226/VNP46A1.A2013226.h19v10.001.2019117014612.h5",2013,"226"
"VNP46A1.A2013226.h19v11.001.2019117023804.h5","https://ladsweb.modaps.eosdis.nasa.gov/archive/allData/5000/VNP46A1/2013/226/VNP46A1.A2013226.h19v11.001.2019117023804.h5",2013,"226"
"VNP46A1.A2013226.h19v12.001.2019117013957.h5","https://ladsweb.modaps.eosdis.nasa.gov/archive/allData/5000/VNP46A1/2013/226/VNP46A1.A2013226.h19v12.001.2019117013957.h5",2013,"226"
"VNP46A1.A2013226.h19v13.001.2019117013201.h5","https://ladsweb.modaps.eosdis.nasa.gov/archive/allData/5000/VNP46A1/2013/226/VNP46A1.A2013226.h19v13.001.2019117013201.h5",2013,"226"
"VNP46A1.A2013226.h19v14.001.2019117033801.h5","https://ladsweb.modaps.eosdis.nasa.gov/archive/allData/5000/VNP46A1/2013/226/VNP46A1.A2013226.h19v14.001.2019117033801.h5",2013,"226"
"VNP46A1.A2013226.h19v15.001.2019117014520.h5","https://ladsweb.modaps.eosdis.nasa.gov/archive/allData/5000/VNP46A1/2013/226/VNP46A1.A2013226.h19v15.001.2019117014520.h5",2013,"226"
"VNP46A1.A2013226.h19v16.001.2019117012704.h5","https://ladsweb.modaps.eosdis.nasa.gov/archive/allData/5000/VNP46A1/2013/226/VNP46A1.A2013226.h19v16.001.2019117012704.h5",2013,"226"
"VNP46A1.A2013226.h19v17.001.2019117014005.h5","https://ladsweb.modaps.eosdis.nasa.gov/archive/allData/5000/VNP46A1/2013/226/VNP46A1.A2013226.h19v17.001.2019117014005.h5",2013,"226"
"VNP46A1.A2013226.h20v02.001.2019117033447.h5","https://ladsweb.modaps.eosdis.nasa.gov/archive/allData/5000/VNP46A1/2013/226/VNP46A1.A2013226.h20v02.001.2019117033447.h5",2013,"226"
"VNP46A1.A2013226.h20v03.001.2019117070023.h5","https://ladsweb.modaps.eosdis.nasa.gov/archive/allData/5000/VNP46A1/2013/226/VNP46A1.A2013226.h20v03.001.2019117070023.h5",2013,"226"
"VNP46A1.A2013226.h20v04.001.2019117070031.h5","https://ladsweb.modaps.eosdis.nasa.gov/archive/allData/5000/VNP46A1/2013/226/VNP46A1.A2013226.h20v04.001.2019117070031.h5",2013,"226"
"VNP46A1.A2013226.h20v05.001.2019117070119.h5","https://ladsweb.modaps.eosdis.nasa.gov/archive/allData/5000/VNP46A1/2013/226/VNP46A1.A2013226.h20v05.001.2019117070119.h5",2013,"226"
"VNP46A1.A2013226.h20v06.001.2019117072931.h5","https://ladsweb.modaps.eosdis.nasa.gov/archive/allData/5000/VNP46A1/2013/226/VNP46A1.A2013226.h20v06.001.2019117072931.h5",2013,"226"
"VNP46A1.A2013226.h20v07.001.2019117075803.h5","https://ladsweb.modaps.eosdis.nasa.gov/archive/allData/5000/VNP46A1/2013/226/VNP46A1.A2013226.h20v07.001.2019117075803.h5",2013,"226"
"VNP46A1.A2013226.h20v08.001.2019117065827.h5","https://ladsweb.modaps.eosdis.nasa.gov/archive/allData/5000/VNP46A1/2013/226/VNP46A1.A2013226.h20v08.001.2019117065827.h5",2013,"226"
"VNP46A1.A2013226.h20v09.001.2019117075721.h5","https://ladsweb.modaps.eosdis.nasa.gov/archive/allData/5000/VNP46A1/2013/226/VNP46A1.A2013226.h20v09.001.2019117075721.h5",2013,"226"
"VNP46A1.A2013226.h20v10.001.2019117070033.h5","https://ladsweb.modaps.eosdis.nasa.gov/archive/allData/5000/VNP46A1/2013/226/VNP46A1.A2013226.h20v10.001.2019117070033.h5",2013,"226"
"VNP46A1.A2013226.h20v11.001.2019117070128.h5","https://ladsweb.modaps.eosdis.nasa.gov/archive/allData/5000/VNP46A1/2013/226/VNP46A1.A2013226.h20v11.001.2019117070128.h5",2013,"226"
"VNP46A1.A2013226.h20v12.001.2019117075810.h5","https://ladsweb.modaps.eosdis.nasa.gov/archive/allData/5000/VNP46A1/2013/226/VNP46A1.A2013226.h20v12.001.2019117075810.h5",2013,"226"
"VNP46A1.A2013226.h20v13.001.2019117082012.h5","https://ladsweb.modaps.eosdis.nasa.gov/archive/allData/5000/VNP46A1/2013/226/VNP46A1.A2013226.h20v13.001.2019117082012.h5",2013,"226"
"VNP46A1.A2013226.h20v14.001.2019117070031.h5","https://ladsweb.modaps.eosdis.nasa.gov/archive/allData/5000/VNP46A1/2013/226/VNP46A1.A2013226.h20v14.001.2019117070031.h5",2013,"226"
"VNP46A1.A2013226.h20v15.001.2019117070302.h5","https://ladsweb.modaps.eosdis.nasa.gov/archive/allData/5000/VNP46A1/2013/226/VNP46A1.A2013226.h20v15.001.2019117070302.h5",2013,"226"
"VNP46A1.A2013226.h20v16.001.2019117070355.h5","https://ladsweb.modaps.eosdis.nasa.gov/archive/allData/5000/VNP46A1/2013/226/VNP46A1.A2013226.h20v16.001.2019117070355.h5",2013,"226"
"VNP46A1.A2013226.h20v17.001.2019117070416.h5","https://ladsweb.modaps.eosdis.nasa.gov/archive/allData/5000/VNP46A1/2013/226/VNP46A1.A2013226.h20v17.001.2019117070416.h5",2013,"226"
"VNP46A1.A2013226.h21v02.001.2019117070642.h5","https://ladsweb.modaps.eosdis.nasa.gov/archive/allData/5000/VNP46A1/2013/226/VNP46A1.A2013226.h21v02.001.2019117070642.h5",2013,"226"
"VNP46A1.A2013226.h21v03.001.2019117070849.h5","https://ladsweb.modaps.eosdis.nasa.gov/archive/allData/5000/VNP46A1/2013/226/VNP46A1.A2013226.h21v03.001.2019117070849.h5",2013,"226"
"VNP46A1.A2013226.h21v04.001.2019117074132.h5","https://ladsweb.modaps.eosdis.nasa.gov/archive/allData/5000/VNP46A1/2013/226/VNP46A1.A2013226.h21v04.001.2019117074132.h5",2013,"226"
"VNP46A1.A2013226.h21v05.001.2019117070048.h5","https://ladsweb.modaps.eosdis.nasa.gov/archive/allData/5000/VNP46A1/2013/226/VNP46A1.A2013226.h21v05.001.2019117070048.h5",2013,"226"
"VNP46A1.A2013226.h21v06.001.2019117070049.h5","https://ladsweb.modaps.eosdis.nasa.gov/archive/allData/5000/VNP46A1/2013/226/VNP46A1.A2013226.h21v06.001.2019117070049.h5",2013,"226"
"VNP46A1.A2013226.h21v07.001.2019117081457.h5","https://ladsweb.modaps.eosdis.nasa.gov/archive/allData/5000/VNP46A1/2013/226/VNP46A1.A2013226.h21v07.001.2019117081457.h5",2013,"226"
"VNP46A1.A2013226.h21v08.001.2019117070619.h5","https://ladsweb.modaps.eosdis.nasa.gov/archive/allData/5000/VNP46A1/2013/226/VNP46A1.A2013226.h21v08.001.2019117070619.h5",2013,"226"
"VNP46A1.A2013226.h21v09.001.2019117070335.h5","https://ladsweb.modaps.eosdis.nasa.gov/archive/allData/5000/VNP46A1/2013/226/VNP46A1.A2013226.h21v09.001.2019117070335.h5",2013,"226"
"VNP46A1.A2013226.h21v10.001.2019117072937.h5","https://ladsweb.modaps.eosdis.nasa.gov/archive/allData/5000/VNP46A1/2013/226/VNP46A1.A2013226.h21v10.001.2019117072937.h5",2013,"226"
"VNP46A1.A2013226.h21v11.001.2019117081055.h5","https://ladsweb.modaps.eosdis.nasa.gov/archive/allData/5000/VNP46A1/2013/226/VNP46A1.A2013226.h21v11.001.2019117081055.h5",2013,"226"
"VNP46A1.A2013226.h21v12.001.2019117071040.h5","https://ladsweb.modaps.eosdis.nasa.gov/archive/allData/5000/VNP46A1/2013/226/VNP46A1.A2013226.h21v12.001.2019117071040.h5",2013,"226"
"VNP46A1.A2013226.h21v13.001.2019117085219.h5","https://ladsweb.modaps.eosdis.nasa.gov/archive/allData/5000/VNP46A1/2013/226/VNP46A1.A2013226.h21v13.001.2019117085219.h5",2013,"226"
"VNP46A1.A2013226.h21v14.001.2019117071411.h5","https://ladsweb.modaps.eosdis.nasa.gov/archive/allData/5000/VNP46A1/2013/226/VNP46A1.A2013226.h21v14.001.2019117071411.h5",2013,"226"
"VNP46A1.A2013226.h21v15.001.2019117072831.h5","https://ladsweb.modaps.eosdis.nasa.gov/archive/allData/5000/VNP46A1/2013/226/VNP46A1.A2013226.h21v15.001.2019117072831.h5",2013,"226"
"VNP46A1.A2013226.h21v16.001.2019117085001.h5","https://ladsweb.modaps.eosdis.nasa.gov/archive/allData/5000/VNP46A1/2013/226/VNP46A1.A2013226.h21v16.001.2019117085001.h5",2013,"226"
"VNP46A1.A2013226.h21v17.001.2019117084201.h5","https://ladsweb.modaps.eosdis.nasa.gov/archive/allData/5000/VNP46A1/2013/226/VNP46A1.A2013226.h21v17.001.2019117084201.h5",2013,"226"
"VNP46A1.A2013226.h22v02.001.2019117070911.h5","https://ladsweb.modaps.eosdis.nasa.gov/archive/allData/5000/VNP46A1/2013/226/VNP46A1.A2013226.h22v02.001.2019117070911.h5",2013,"226"
"VNP46A1.A2013226.h22v03.001.2019117070114.h5","https://ladsweb.modaps.eosdis.nasa.gov/archive/allData/5000/VNP46A1/2013/226/VNP46A1.A2013226.h22v03.001.2019117070114.h5",2013,"226"
"VNP46A1.A2013226.h22v04.001.2019117092401.h5","https://ladsweb.modaps.eosdis.nasa.gov/archive/allData/5000/VNP46A1/2013/226/VNP46A1.A2013226.h22v04.001.2019117092401.h5",2013,"226"
"VNP46A1.A2013226.h22v05.001.2019117070914.h5","https://ladsweb.modaps.eosdis.nasa.gov/archive/allData/5000/VNP46A1/2013/226/VNP46A1.A2013226.h22v05.001.2019117070914.h5",2013,"226"
"VNP46A1.A2013226.h22v06.001.2019117071417.h5","https://ladsweb.modaps.eosdis.nasa.gov/archive/allData/5000/VNP46A1/2013/226/VNP46A1.A2013226.h22v06.001.2019117071417.h5",2013,"226"
"VNP46A1.A2013226.h22v07.001.2019117070920.h5","https://ladsweb.modaps.eosdis.nasa.gov/archive/allData/5000/VNP46A1/2013/226/VNP46A1.A2013226.h22v07.001.2019117070920.h5",2013,"226"
"VNP46A1.A2013226.h22v08.001.2019117070147.h5","https://ladsweb.modaps.eosdis.nasa.gov/archive/allData/5000/VNP46A1/2013/226/VNP46A1.A2013226.h22v08.001.2019117070147.h5",2013,"226"
"VNP46A1.A2013226.h22v09.001.2019117081503.h5","https://ladsweb.modaps.eosdis.nasa.gov/archive/allData/5000/VNP46A1/2013/226/VNP46A1.A2013226.h22v09.001.2019117081503.h5",2013,"226"
"VNP46A1.A2013226.h22v10.001.2019117075729.h5","https://ladsweb.modaps.eosdis.nasa.gov/archive/allData/5000/VNP46A1/2013/226/VNP46A1.A2013226.h22v10.001.2019117075729.h5",2013,"226"
"VNP46A1.A2013226.h22v11.001.2019117081508.h5","https://ladsweb.modaps.eosdis.nasa.gov/archive/allData/5000/VNP46A1/2013/226/VNP46A1.A2013226.h22v11.001.2019117081508.h5",2013,"226"
"VNP46A1.A2013226.h22v12.001.2019117070145.h5","https://ladsweb.modaps.eosdis.nasa.gov/archive/allData/5000/VNP46A1/2013/226/VNP46A1.A2013226.h22v12.001.2019117070145.h5",2013,"226"
"VNP46A1.A2013226.h22v13.001.2019117072130.h5","https://ladsweb.modaps.eosdis.nasa.gov/archive/allData/5000/VNP46A1/2013/226/VNP46A1.A2013226.h22v13.001.2019117072130.h5",2013,"226"
"VNP46A1.A2013226.h22v14.001.2019117070308.h5","https://ladsweb.modaps.eosdis.nasa.gov/archive/allData/5000/VNP46A1/2013/226/VNP46A1.A2013226.h22v14.001.2019117070308.h5",2013,"226"
"VNP46A1.A2013226.h22v15.001.2019117072945.h5","https://ladsweb.modaps.eosdis.nasa.gov/archive/allData/5000/VNP46A1/2013/226/VNP46A1.A2013226.h22v15.001.2019117072945.h5",2013,"226"
"VNP46A1.A2013226.h22v16.001.2019117071219.h5","https://ladsweb.modaps.eosdis.nasa.gov/archive/allData/5000/VNP46A1/2013/226/VNP46A1.A2013226.h22v16.001.2019117071219.h5",2013,"226"
"VNP46A1.A2013226.h22v17.001.2019117070645.h5","https://ladsweb.modaps.eosdis.nasa.gov/archive/allData/5000/VNP46A1/2013/226/VNP46A1.A2013226.h22v17.001.2019117070645.h5",2013,"226"
"VNP46A1.A2013226.h23v02.001.2019117070256.h5","https://ladsweb.modaps.eosdis.nasa.gov/archive/allData/5000/VNP46A1/2013/226/VNP46A1.A2013226.h23v02.001.2019117070256.h5",2013,"226"
"VNP46A1.A2013226.h23v03.001.2019117064801.h5","https://ladsweb.modaps.eosdis.nasa.gov/archive/allData/5000/VNP46A1/2013/226/VNP46A1.A2013226.h23v03.001.2019117064801.h5",2013,"226"
"VNP46A1.A2013226.h23v04.001.2019117071202.h5","https://ladsweb.modaps.eosdis.nasa.gov/archive/allData/5000/VNP46A1/2013/226/VNP46A1.A2013226.h23v04.001.2019117071202.h5",2013,"226"
"VNP46A1.A2013226.h23v05.001.2019117065847.h5","https://ladsweb.modaps.eosdis.nasa.gov/archive/allData/5000/VNP46A1/2013/226/VNP46A1.A2013226.h23v05.001.2019117065847.h5",2013,"226"
"VNP46A1.A2013226.h23v06.001.2019117071210.h5","https://ladsweb.modaps.eosdis.nasa.gov/archive/allData/5000/VNP46A1/2013/226/VNP46A1.A2013226.h23v06.001.2019117071210.h5",2013,"226"
"VNP46A1.A2013226.h23v07.001.2019117065357.h5","https://ladsweb.modaps.eosdis.nasa.gov/archive/allData/5000/VNP46A1/2013/226/VNP46A1.A2013226.h23v07.001.2019117065357.h5",2013,"226"
"VNP46A1.A2013226.h23v08.001.2019117070743.h5","https://ladsweb.modaps.eosdis.nasa.gov/archive/allData/5000/VNP46A1/2013/226/VNP46A1.A2013226.h23v08.001.2019117070743.h5",2013,"226"
"VNP46A1.A2013226.h23v09.001.2019117070234.h5","https://ladsweb.modaps.eosdis.nasa.gov/archive/allData/5000/VNP46A1/2013/226/VNP46A1.A2013226.h23v09.001.2019117070234.h5",2013,"226"
"VNP46A1.A2013226.h23v10.001.2019117065858.h5","https://ladsweb.modaps.eosdis.nasa.gov/archive/allData/5000/VNP46A1/2013/226/VNP46A1.A2013226.h23v10.001.2019117065858.h5",2013,"226"
"VNP46A1.A2013226.h23v11.001.2019117065405.h5","https://ladsweb.modaps.eosdis.nasa.gov/archive/allData/5000/VNP46A1/2013/226/VNP46A1.A2013226.h23v11.001.2019117065405.h5",2013,"226"
"VNP46A1.A2013226.h23v12.001.2019117072951.h5","https://ladsweb.modaps.eosdis.nasa.gov/archive/allData/5000/VNP46A1/2013/226/VNP46A1.A2013226.h23v12.001.2019117072951.h5",2013,"226"
"VNP46A1.A2013226.h23v13.001.2019117065422.h5","https://ladsweb.modaps.eosdis.nasa.gov/archive/allData/5000/VNP46A1/2013/226/VNP46A1.A2013226.h23v13.001.2019117065422.h5",2013,"226"
"VNP46A1.A2013226.h23v14.001.2019117070857.h5","https://ladsweb.modaps.eosdis.nasa.gov/archive/allData/5000/VNP46A1/2013/226/VNP46A1.A2013226.h23v14.001.2019117070857.h5",2013,"226"
"VNP46A1.A2013226.h23v15.001.2019117065605.h5","https://ladsweb.modaps.eosdis.nasa.gov/archive/allData/5000/VNP46A1/2013/226/VNP46A1.A2013226.h23v15.001.2019117065605.h5",2013,"226"
"VNP46A1.A2013226.h23v16.001.2019117065047.h5","https://ladsweb.modaps.eosdis.nasa.gov/archive/allData/5000/VNP46A1/2013/226/VNP46A1.A2013226.h23v16.001.2019117065047.h5",2013,"226"
"VNP46A1.A2013226.h23v17.001.2019117073129.h5","https://ladsweb.modaps.eosdis.nasa.gov/archive/allData/5000/VNP46A1/2013/226/VNP46A1.A2013226.h23v17.001.2019117073129.h5",2013,"226"
"VNP46A1.A2013226.h24v02.001.2019117072839.h5","https://ladsweb.modaps.eosdis.nasa.gov/archive/allData/5000/VNP46A1/2013/226/VNP46A1.A2013226.h24v02.001.2019117072839.h5",2013,"226"
"VNP46A1.A2013226.h24v03.001.2019117073959.h5","https://ladsweb.modaps.eosdis.nasa.gov/archive/allData/5000/VNP46A1/2013/226/VNP46A1.A2013226.h24v03.001.2019117073959.h5",2013,"226"
"VNP46A1.A2013226.h24v04.001.2019117071019.h5","https://ladsweb.modaps.eosdis.nasa.gov/archive/allData/5000/VNP46A1/2013/226/VNP46A1.A2013226.h24v04.001.2019117071019.h5",2013,"226"
"VNP46A1.A2013226.h24v05.001.2019117070958.h5","https://ladsweb.modaps.eosdis.nasa.gov/archive/allData/5000/VNP46A1/2013/226/VNP46A1.A2013226.h24v05.001.2019117070958.h5",2013,"226"
"VNP46A1.A2013226.h24v06.001.2019117065455.h5","https://ladsweb.modaps.eosdis.nasa.gov/archive/allData/5000/VNP46A1/2013/226/VNP46A1.A2013226.h24v06.001.2019117065455.h5",2013,"226"
"VNP46A1.A2013226.h24v07.001.2019117070901.h5","https://ladsweb.modaps.eosdis.nasa.gov/archive/allData/5000/VNP46A1/2013/226/VNP46A1.A2013226.h24v07.001.2019117070901.h5",2013,"226"
"VNP46A1.A2013226.h24v08.001.2019117065627.h5","https://ladsweb.modaps.eosdis.nasa.gov/archive/allData/5000/VNP46A1/2013/226/VNP46A1.A2013226.h24v08.001.2019117065627.h5",2013,"226"
"VNP46A1.A2013226.h24v09.001.2019117065553.h5","https://ladsweb.modaps.eosdis.nasa.gov/archive/allData/5000/VNP46A1/2013/226/VNP46A1.A2013226.h24v09.001.2019117065553.h5",2013,"226"
"VNP46A1.A2013226.h24v10.001.2019117065522.h5","https://ladsweb.modaps.eosdis.nasa.gov/archive/allData/5000/VNP46A1/2013/226/VNP46A1.A2013226.h24v10.001.2019117065522.h5",2013,"226"
"VNP46A1.A2013226.h24v11.001.2019117070433.h5","https://ladsweb.modaps.eosdis.nasa.gov/archive/allData/5000/VNP46A1/2013/226/VNP46A1.A2013226.h24v11.001.2019117070433.h5",2013,"226"
"VNP46A1.A2013226.h24v12.001.2019117074448.h5","https://ladsweb.modaps.eosdis.nasa.gov/archive/allData/5000/VNP46A1/2013/226/VNP46A1.A2013226.h24v12.001.2019117074448.h5",2013,"226"
"VNP46A1.A2013226.h24v13.001.2019117083404.h5","https://ladsweb.modaps.eosdis.nasa.gov/archive/allData/5000/VNP46A1/2013/226/VNP46A1.A2013226.h24v13.001.2019117083404.h5",2013,"226"
"VNP46A1.A2013226.h24v14.001.2019117070442.h5","https://ladsweb.modaps.eosdis.nasa.gov/archive/allData/5000/VNP46A1/2013/226/VNP46A1.A2013226.h24v14.001.2019117070442.h5",2013,"226"
"VNP46A1.A2013226.h24v15.001.2019117065725.h5","https://ladsweb.modaps.eosdis.nasa.gov/archive/allData/5000/VNP46A1/2013/226/VNP46A1.A2013226.h24v15.001.2019117065725.h5",2013,"226"
"VNP46A1.A2013226.h24v16.001.2019117071204.h5","https://ladsweb.modaps.eosdis.nasa.gov/archive/allData/5000/VNP46A1/2013/226/VNP46A1.A2013226.h24v16.001.2019117071204.h5",2013,"226"
"VNP46A1.A2013226.h24v17.001.2019117065812.h5","https://ladsweb.modaps.eosdis.nasa.gov/archive/allData/5000/VNP46A1/2013/226/VNP46A1.A2013226.h24v17.001.2019117065812.h5",2013,"226"
"VNP46A1.A2013226.h25v02.001.2019117071057.h5","https://ladsweb.modaps.eosdis.nasa.gov/archive/allData/5000/VNP46A1/2013/226/VNP46A1.A2013226.h25v02.001.2019117071057.h5",2013,"226"
"VNP46A1.A2013226.h25v03.001.2019117065731.h5","https://ladsweb.modaps.eosdis.nasa.gov/archive/allData/5000/VNP46A1/2013/226/VNP46A1.A2013226.h25v03.001.2019117065731.h5",2013,"226"
"VNP46A1.A2013226.h25v04.001.2019117070111.h5","https://ladsweb.modaps.eosdis.nasa.gov/archive/allData/5000/VNP46A1/2013/226/VNP46A1.A2013226.h25v04.001.2019117070111.h5",2013,"226"
"VNP46A1.A2013226.h25v05.001.2019117070720.h5","https://ladsweb.modaps.eosdis.nasa.gov/archive/allData/5000/VNP46A1/2013/226/VNP46A1.A2013226.h25v05.001.2019117070720.h5",2013,"226"
"VNP46A1.A2013226.h25v06.001.2019117070627.h5","https://ladsweb.modaps.eosdis.nasa.gov/archive/allData/5000/VNP46A1/2013/226/VNP46A1.A2013226.h25v06.001.2019117070627.h5",2013,"226"
"VNP46A1.A2013226.h25v07.001.2019117075722.h5","https://ladsweb.modaps.eosdis.nasa.gov/archive/allData/5000/VNP46A1/2013/226/VNP46A1.A2013226.h25v07.001.2019117075722.h5",2013,"226"
"VNP46A1.A2013226.h25v08.001.2019117073619.h5","https://ladsweb.modaps.eosdis.nasa.gov/archive/allData/5000/VNP46A1/2013/226/VNP46A1.A2013226.h25v08.001.2019117073619.h5",2013,"226"
"VNP46A1.A2013226.h25v09.001.2019117064819.h5","https://ladsweb.modaps.eosdis.nasa.gov/archive/allData/5000/VNP46A1/2013/226/VNP46A1.A2013226.h25v09.001.2019117064819.h5",2013,"226"
"VNP46A1.A2013226.h25v10.001.2019117071117.h5","https://ladsweb.modaps.eosdis.nasa.gov/archive/allData/5000/VNP46A1/2013/226/VNP46A1.A2013226.h25v10.001.2019117071117.h5",2013,"226"
"VNP46A1.A2013226.h25v11.001.2019117065752.h5","https://ladsweb.modaps.eosdis.nasa.gov/archive/allData/5000/VNP46A1/2013/226/VNP46A1.A2013226.h25v11.001.2019117065752.h5",2013,"226"
"VNP46A1.A2013226.h25v12.001.2019117070146.h5","https://ladsweb.modaps.eosdis.nasa.gov/archive/allData/5000/VNP46A1/2013/226/VNP46A1.A2013226.h25v12.001.2019117070146.h5",2013,"226"
"VNP46A1.A2013226.h25v13.001.2019117070501.h5","https://ladsweb.modaps.eosdis.nasa.gov/archive/allData/5000/VNP46A1/2013/226/VNP46A1.A2013226.h25v13.001.2019117070501.h5",2013,"226"
"VNP46A1.A2013226.h25v14.001.2019117084602.h5","https://ladsweb.modaps.eosdis.nasa.gov/archive/allData/5000/VNP46A1/2013/226/VNP46A1.A2013226.h25v14.001.2019117084602.h5",2013,"226"
"VNP46A1.A2013226.h25v15.001.2019117070557.h5","https://ladsweb.modaps.eosdis.nasa.gov/archive/allData/5000/VNP46A1/2013/226/VNP46A1.A2013226.h25v15.001.2019117070557.h5",2013,"226"
"VNP46A1.A2013226.h25v16.001.2019117065047.h5","https://ladsweb.modaps.eosdis.nasa.gov/archive/allData/5000/VNP46A1/2013/226/VNP46A1.A2013226.h25v16.001.2019117065047.h5",2013,"226"
"VNP46A1.A2013226.h25v17.001.2019117070747.h5","https://ladsweb.modaps.eosdis.nasa.gov/archive/allData/5000/VNP46A1/2013/226/VNP46A1.A2013226.h25v17.001.2019117070747.h5",2013,"226"
"VNP46A1.A2013226.h26v02.001.2019117070227.h5","https://ladsweb.modaps.eosdis.nasa.gov/archive/allData/5000/VNP46A1/2013/226/VNP46A1.A2013226.h26v02.001.2019117070227.h5",2013,"226"
"VNP46A1.A2013226.h26v03.001.2019117074226.h5","https://ladsweb.modaps.eosdis.nasa.gov/archive/allData/5000/VNP46A1/2013/226/VNP46A1.A2013226.h26v03.001.2019117074226.h5",2013,"226"
"VNP46A1.A2013226.h26v04.001.2019117070533.h5","https://ladsweb.modaps.eosdis.nasa.gov/archive/allData/5000/VNP46A1/2013/226/VNP46A1.A2013226.h26v04.001.2019117070533.h5",2013,"226"
"VNP46A1.A2013226.h26v05.001.2019117070414.h5","https://ladsweb.modaps.eosdis.nasa.gov/archive/allData/5000/VNP46A1/2013/226/VNP46A1.A2013226.h26v05.001.2019117070414.h5",2013,"226"
"VNP46A1.A2013226.h26v06.001.2019117064937.h5","https://ladsweb.modaps.eosdis.nasa.gov/archive/allData/5000/VNP46A1/2013/226/VNP46A1.A2013226.h26v06.001.2019117064937.h5",2013,"226"
"VNP46A1.A2013226.h26v07.001.2019117065815.h5","https://ladsweb.modaps.eosdis.nasa.gov/archive/allData/5000/VNP46A1/2013/226/VNP46A1.A2013226.h26v07.001.2019117065815.h5",2013,"226"
"VNP46A1.A2013226.h26v08.001.2019117065659.h5","https://ladsweb.modaps.eosdis.nasa.gov/archive/allData/5000/VNP46A1/2013/226/VNP46A1.A2013226.h26v08.001.2019117065659.h5",2013,"226"
"VNP46A1.A2013226.h26v09.001.2019117065708.h5","https://ladsweb.modaps.eosdis.nasa.gov/archive/allData/5000/VNP46A1/2013/226/VNP46A1.A2013226.h26v09.001.2019117065708.h5",2013,"226"
"VNP46A1.A2013226.h26v10.001.2019117064954.h5","https://ladsweb.modaps.eosdis.nasa.gov/archive/allData/5000/VNP46A1/2013/226/VNP46A1.A2013226.h26v10.001.2019117064954.h5",2013,"226"
"VNP46A1.A2013226.h26v11.001.2019117071215.h5","https://ladsweb.modaps.eosdis.nasa.gov/archive/allData/5000/VNP46A1/2013/226/VNP46A1.A2013226.h26v11.001.2019117071215.h5",2013,"226"
"VNP46A1.A2013226.h26v12.001.2019117070945.h5","https://ladsweb.modaps.eosdis.nasa.gov/archive/allData/5000/VNP46A1/2013/226/VNP46A1.A2013226.h26v12.001.2019117070945.h5",2013,"226"
"VNP46A1.A2013226.h26v13.001.2019117065757.h5","https://ladsweb.modaps.eosdis.nasa.gov/archive/allData/5000/VNP46A1/2013/226/VNP46A1.A2013226.h26v13.001.2019117065757.h5",2013,"226"
"VNP46A1.A2013226.h26v14.001.2019117070607.h5","https://ladsweb.modaps.eosdis.nasa.gov/archive/allData/5000/VNP46A1/2013/226/VNP46A1.A2013226.h26v14.001.2019117070607.h5",2013,"226"
"VNP46A1.A2013226.h26v15.001.2019117070148.h5","https://ladsweb.modaps.eosdis.nasa.gov/archive/allData/5000/VNP46A1/2013/226/VNP46A1.A2013226.h26v15.001.2019117070148.h5",2013,"226"
"VNP46A1.A2013226.h26v16.001.2019117065234.h5","https://ladsweb.modaps.eosdis.nasa.gov/archive/allData/5000/VNP46A1/2013/226/VNP46A1.A2013226.h26v16.001.2019117065234.h5",2013,"226"
"VNP46A1.A2013226.h26v17.001.2019117070037.h5","https://ladsweb.modaps.eosdis.nasa.gov/archive/allData/5000/VNP46A1/2013/226/VNP46A1.A2013226.h26v17.001.2019117070037.h5",2013,"226"
"VNP46A1.A2013226.h27v02.001.2019117072514.h5","https://ladsweb.modaps.eosdis.nasa.gov/archive/allData/5000/VNP46A1/2013/226/VNP46A1.A2013226.h27v02.001.2019117072514.h5",2013,"226"
"VNP46A1.A2013226.h27v03.001.2019117070810.h5","https://ladsweb.modaps.eosdis.nasa.gov/archive/allData/5000/VNP46A1/2013/226/VNP46A1.A2013226.h27v03.001.2019117070810.h5",2013,"226"
"VNP46A1.A2013226.h27v04.001.2019117070834.h5","https://ladsweb.modaps.eosdis.nasa.gov/archive/allData/5000/VNP46A1/2013/226/VNP46A1.A2013226.h27v04.001.2019117070834.h5",2013,"226"
"VNP46A1.A2013226.h27v05.001.2019117090135.h5","https://ladsweb.modaps.eosdis.nasa.gov/archive/allData/5000/VNP46A1/2013/226/VNP46A1.A2013226.h27v05.001.2019117090135.h5",2013,"226"
"VNP46A1.A2013226.h27v06.001.2019117065840.h5","https://ladsweb.modaps.eosdis.nasa.gov/archive/allData/5000/VNP46A1/2013/226/VNP46A1.A2013226.h27v06.001.2019117065840.h5",2013,"226"
"VNP46A1.A2013226.h27v07.001.2019117065956.h5","https://ladsweb.modaps.eosdis.nasa.gov/archive/allData/5000/VNP46A1/2013/226/VNP46A1.A2013226.h27v07.001.2019117065956.h5",2013,"226"
"VNP46A1.A2013226.h27v08.001.2019117070857.h5","https://ladsweb.modaps.eosdis.nasa.gov/archive/allData/5000/VNP46A1/2013/226/VNP46A1.A2013226.h27v08.001.2019117070857.h5",2013,"226"
"VNP46A1.A2013226.h27v09.001.2019117070832.h5","https://ladsweb.modaps.eosdis.nasa.gov/archive/allData/5000/VNP46A1/2013/226/VNP46A1.A2013226.h27v09.001.2019117070832.h5",2013,"226"
"VNP46A1.A2013226.h27v10.001.2019117070101.h5","https://ladsweb.modaps.eosdis.nasa.gov/archive/allData/5000/VNP46A1/2013/226/VNP46A1.A2013226.h27v10.001.2019117070101.h5",2013,"226"
"VNP46A1.A2013226.h27v11.001.2019117071248.h5","https://ladsweb.modaps.eosdis.nasa.gov/archive/allData/5000/VNP46A1/2013/226/VNP46A1.A2013226.h27v11.001.2019117071248.h5",2013,"226"
"VNP46A1.A2013226.h27v12.001.2019117080250.h5","https://ladsweb.modaps.eosdis.nasa.gov/archive/allData/5000/VNP46A1/2013/226/VNP46A1.A2013226.h27v12.001.2019117080250.h5",2013,"226"
"VNP46A1.A2013226.h27v13.001.2019117070030.h5","https://ladsweb.modaps.eosdis.nasa.gov/archive/allData/5000/VNP46A1/2013/226/VNP46A1.A2013226.h27v13.001.2019117070030.h5",2013,"226"
"VNP46A1.A2013226.h27v14.001.2019117071002.h5","https://ladsweb.modaps.eosdis.nasa.gov/archive/allData/5000/VNP46A1/2013/226/VNP46A1.A2013226.h27v14.001.2019117071002.h5",2013,"226"
"VNP46A1.A2013226.h27v15.001.2019117070755.h5","https://ladsweb.modaps.eosdis.nasa.gov/archive/allData/5000/VNP46A1/2013/226/VNP46A1.A2013226.h27v15.001.2019117070755.h5",2013,"226"
"VNP46A1.A2013226.h27v16.001.2019117073223.h5","https://ladsweb.modaps.eosdis.nasa.gov/archive/allData/5000/VNP46A1/2013/226/VNP46A1.A2013226.h27v16.001.2019117073223.h5",2013,"226"
"VNP46A1.A2013226.h27v17.001.2019117080446.h5","https://ladsweb.modaps.eosdis.nasa.gov/archive/allData/5000/VNP46A1/2013/226/VNP46A1.A2013226.h27v17.001.2019117080446.h5",2013,"226"
"VNP46A1.A2013226.h28v02.001.2019117070000.h5","https://ladsweb.modaps.eosdis.nasa.gov/archive/allData/5000/VNP46A1/2013/226/VNP46A1.A2013226.h28v02.001.2019117070000.h5",2013,"226"
"VNP46A1.A2013226.h28v03.001.2019117065125.h5","https://ladsweb.modaps.eosdis.nasa.gov/archive/allData/5000/VNP46A1/2013/226/VNP46A1.A2013226.h28v03.001.2019117065125.h5",2013,"226"
"VNP46A1.A2013226.h28v04.001.2019117080259.h5","https://ladsweb.modaps.eosdis.nasa.gov/archive/allData/5000/VNP46A1/2013/226/VNP46A1.A2013226.h28v04.001.2019117080259.h5",2013,"226"
"VNP46A1.A2013226.h28v05.001.2019117070710.h5","https://ladsweb.modaps.eosdis.nasa.gov/archive/allData/5000/VNP46A1/2013/226/VNP46A1.A2013226.h28v05.001.2019117070710.h5",2013,"226"
"VNP46A1.A2013226.h28v06.001.2019117071108.h5","https://ladsweb.modaps.eosdis.nasa.gov/archive/allData/5000/VNP46A1/2013/226/VNP46A1.A2013226.h28v06.001.2019117071108.h5",2013,"226"
"VNP46A1.A2013226.h28v07.001.2019117075847.h5","https://ladsweb.modaps.eosdis.nasa.gov/archive/allData/5000/VNP46A1/2013/226/VNP46A1.A2013226.h28v07.001.2019117075847.h5",2013,"226"
"VNP46A1.A2013226.h28v08.001.2019117071239.h5","https://ladsweb.modaps.eosdis.nasa.gov/archive/allData/5000/VNP46A1/2013/226/VNP46A1.A2013226.h28v08.001.2019117071239.h5",2013,"226"
"VNP46A1.A2013226.h28v09.001.2019117073533.h5","https://ladsweb.modaps.eosdis.nasa.gov/archive/allData/5000/VNP46A1/2013/226/VNP46A1.A2013226.h28v09.001.2019117073533.h5",2013,"226"
"VNP46A1.A2013226.h28v10.001.2019117071205.h5","https://ladsweb.modaps.eosdis.nasa.gov/archive/allData/5000/VNP46A1/2013/226/VNP46A1.A2013226.h28v10.001.2019117071205.h5",2013,"226"
"VNP46A1.A2013226.h28v11.001.2019117080325.h5","https://ladsweb.modaps.eosdis.nasa.gov/archive/allData/5000/VNP46A1/2013/226/VNP46A1.A2013226.h28v11.001.2019117080325.h5",2013,"226"
"VNP46A1.A2013226.h28v12.001.2019117070525.h5","https://ladsweb.modaps.eosdis.nasa.gov/archive/allData/5000/VNP46A1/2013/226/VNP46A1.A2013226.h28v12.001.2019117070525.h5",2013,"226"
"VNP46A1.A2013226.h28v13.001.2019117073551.h5","https://ladsweb.modaps.eosdis.nasa.gov/archive/allData/5000/VNP46A1/2013/226/VNP46A1.A2013226.h28v13.001.2019117073551.h5",2013,"226"
"VNP46A1.A2013226.h28v14.001.2019117074242.h5","https://ladsweb.modaps.eosdis.nasa.gov/archive/allData/5000/VNP46A1/2013/226/VNP46A1.A2013226.h28v14.001.2019117074242.h5",2013,"226"
"VNP46A1.A2013226.h28v15.001.2019117065259.h5","https://ladsweb.modaps.eosdis.nasa.gov/archive/allData/5000/VNP46A1/2013/226/VNP46A1.A2013226.h28v15.001.2019117065259.h5",2013,"226"
"VNP46A1.A2013226.h28v16.001.2019117080402.h5","https://ladsweb.modaps.eosdis.nasa.gov/archive/allData/5000/VNP46A1/2013/226/VNP46A1.A2013226.h28v16.001.2019117080402.h5",2013,"226"
"VNP46A1.A2013226.h28v17.001.2019117070338.h5","https://ladsweb.modaps.eosdis.nasa.gov/archive/allData/5000/VNP46A1/2013/226/VNP46A1.A2013226.h28v17.001.2019117070338.h5",2013,"226"
"VNP46A1.A2013226.h29v02.001.2019117070700.h5","https://ladsweb.modaps.eosdis.nasa.gov/archive/allData/5000/VNP46A1/2013/226/VNP46A1.A2013226.h29v02.001.2019117070700.h5",2013,"226"
"VNP46A1.A2013226.h29v03.001.2019117070150.h5","https://ladsweb.modaps.eosdis.nasa.gov/archive/allData/5000/VNP46A1/2013/226/VNP46A1.A2013226.h29v03.001.2019117070150.h5",2013,"226"
"VNP46A1.A2013226.h29v04.001.2019117074345.h5","https://ladsweb.modaps.eosdis.nasa.gov/archive/allData/5000/VNP46A1/2013/226/VNP46A1.A2013226.h29v04.001.2019117074345.h5",2013,"226"
"VNP46A1.A2013226.h29v05.001.2019117073556.h5","https://ladsweb.modaps.eosdis.nasa.gov/archive/allData/5000/VNP46A1/2013/226/VNP46A1.A2013226.h29v05.001.2019117073556.h5",2013,"226"
"VNP46A1.A2013226.h29v06.001.2019117072844.h5","https://ladsweb.modaps.eosdis.nasa.gov/archive/allData/5000/VNP46A1/2013/226/VNP46A1.A2013226.h29v06.001.2019117072844.h5",2013,"226"
"VNP46A1.A2013226.h29v07.001.2019117073623.h5","https://ladsweb.modaps.eosdis.nasa.gov/archive/allData/5000/VNP46A1/2013/226/VNP46A1.A2013226.h29v07.001.2019117073623.h5",2013,"226"
"VNP46A1.A2013226.h29v08.001.2019117070153.h5","https://ladsweb.modaps.eosdis.nasa.gov/archive/allData/5000/VNP46A1/2013/226/VNP46A1.A2013226.h29v08.001.2019117070153.h5",2013,"226"
"VNP46A1.A2013226.h29v09.001.2019117070718.h5","https://ladsweb.modaps.eosdis.nasa.gov/archive/allData/5000/VNP46A1/2013/226/VNP46A1.A2013226.h29v09.001.2019117070718.h5",2013,"226"
"VNP46A1.A2013226.h29v10.001.2019117071258.h5","https://ladsweb.modaps.eosdis.nasa.gov/archive/allData/5000/VNP46A1/2013/226/VNP46A1.A2013226.h29v10.001.2019117071258.h5",2013,"226"
"VNP46A1.A2013226.h29v11.001.2019117071135.h5","https://ladsweb.modaps.eosdis.nasa.gov/archive/allData/5000/VNP46A1/2013/226/VNP46A1.A2013226.h29v11.001.2019117071135.h5",2013,"226"
"VNP46A1.A2013226.h29v12.001.2019117083019.h5","https://ladsweb.modaps.eosdis.nasa.gov/archive/allData/5000/VNP46A1/2013/226/VNP46A1.A2013226.h29v12.001.2019117083019.h5",2013,"226"
"VNP46A1.A2013226.h29v13.001.2019117073919.h5","https://ladsweb.modaps.eosdis.nasa.gov/archive/allData/5000/VNP46A1/2013/226/VNP46A1.A2013226.h29v13.001.2019117073919.h5",2013,"226"
"VNP46A1.A2013226.h29v14.001.2019117070310.h5","https://ladsweb.modaps.eosdis.nasa.gov/archive/allData/5000/VNP46A1/2013/226/VNP46A1.A2013226.h29v14.001.2019117070310.h5",2013,"226"
"VNP46A1.A2013226.h29v15.001.2019117070713.h5","https://ladsweb.modaps.eosdis.nasa.gov/archive/allData/5000/VNP46A1/2013/226/VNP46A1.A2013226.h29v15.001.2019117070713.h5",2013,"226"
"VNP46A1.A2013226.h29v16.001.2019117070214.h5","https://ladsweb.modaps.eosdis.nasa.gov/archive/allData/5000/VNP46A1/2013/226/VNP46A1.A2013226.h29v16.001.2019117070214.h5",2013,"226"
"VNP46A1.A2013226.h29v17.001.2019117070137.h5","https://ladsweb.modaps.eosdis.nasa.gov/archive/allData/5000/VNP46A1/2013/226/VNP46A1.A2013226.h29v17.001.2019117070137.h5",2013,"226"
"VNP46A1.A2013226.h30v02.001.2019117080410.h5","https://ladsweb.modaps.eosdis.nasa.gov/archive/allData/5000/VNP46A1/2013/226/VNP46A1.A2013226.h30v02.001.2019117080410.h5",2013,"226"
"VNP46A1.A2013226.h30v03.001.2019117071145.h5","https://ladsweb.modaps.eosdis.nasa.gov/archive/allData/5000/VNP46A1/2013/226/VNP46A1.A2013226.h30v03.001.2019117071145.h5",2013,"226"
"VNP46A1.A2013226.h30v04.001.2019117070754.h5","https://ladsweb.modaps.eosdis.nasa.gov/archive/allData/5000/VNP46A1/2013/226/VNP46A1.A2013226.h30v04.001.2019117070754.h5",2013,"226"
"VNP46A1.A2013226.h30v05.001.2019117080453.h5","https://ladsweb.modaps.eosdis.nasa.gov/archive/allData/5000/VNP46A1/2013/226/VNP46A1.A2013226.h30v05.001.2019117080453.h5",2013,"226"
"VNP46A1.A2013226.h30v06.001.2019117065258.h5","https://ladsweb.modaps.eosdis.nasa.gov/archive/allData/5000/VNP46A1/2013/226/VNP46A1.A2013226.h30v06.001.2019117065258.h5",2013,"226"
"VNP46A1.A2013226.h30v07.001.2019117070756.h5","https://ladsweb.modaps.eosdis.nasa.gov/archive/allData/5000/VNP46A1/2013/226/VNP46A1.A2013226.h30v07.001.2019117070756.h5",2013,"226"
"VNP46A1.A2013226.h30v08.001.2019117070812.h5","https://ladsweb.modaps.eosdis.nasa.gov/archive/allData/5000/VNP46A1/2013/226/VNP46A1.A2013226.h30v08.001.2019117070812.h5",2013,"226"
"VNP46A1.A2013226.h30v09.001.2019117065330.h5","https://ladsweb.modaps.eosdis.nasa.gov/archive/allData/5000/VNP46A1/2013/226/VNP46A1.A2013226.h30v09.001.2019117065330.h5",2013,"226"
"VNP46A1.A2013226.h30v10.001.2019117073231.h5","https://ladsweb.modaps.eosdis.nasa.gov/archive/allData/5000/VNP46A1/2013/226/VNP46A1.A2013226.h30v10.001.2019117073231.h5",2013,"226"
"VNP46A1.A2013226.h30v11.001.2019117071110.h5","https://ladsweb.modaps.eosdis.nasa.gov/archive/allData/5000/VNP46A1/2013/226/VNP46A1.A2013226.h30v11.001.2019117071110.h5",2013,"226"
"VNP46A1.A2013226.h30v12.001.2019117071134.h5","https://ladsweb.modaps.eosdis.nasa.gov/archive/allData/5000/VNP46A1/2013/226/VNP46A1.A2013226.h30v12.001.2019117071134.h5",2013,"226"
"VNP46A1.A2013226.h30v13.001.2019117071414.h5","https://ladsweb.modaps.eosdis.nasa.gov/archive/allData/5000/VNP46A1/2013/226/VNP46A1.A2013226.h30v13.001.2019117071414.h5",2013,"226"
"VNP46A1.A2013226.h30v14.001.2019117070851.h5","https://ladsweb.modaps.eosdis.nasa.gov/archive/allData/5000/VNP46A1/2013/226/VNP46A1.A2013226.h30v14.001.2019117070851.h5",2013,"226"
"VNP46A1.A2013226.h30v15.001.2019117070529.h5","https://ladsweb.modaps.eosdis.nasa.gov/archive/allData/5000/VNP46A1/2013/226/VNP46A1.A2013226.h30v15.001.2019117070529.h5",2013,"226"
"VNP46A1.A2013226.h30v16.001.2019117071656.h5","https://ladsweb.modaps.eosdis.nasa.gov/archive/allData/5000/VNP46A1/2013/226/VNP46A1.A2013226.h30v16.001.2019117071656.h5",2013,"226"
"VNP46A1.A2013226.h30v17.001.2019117070709.h5","https://ladsweb.modaps.eosdis.nasa.gov/archive/allData/5000/VNP46A1/2013/226/VNP46A1.A2013226.h30v17.001.2019117070709.h5",2013,"226"
"VNP46A1.A2013226.h31v02.001.2019117074350.h5","https://ladsweb.modaps.eosdis.nasa.gov/archive/allData/5000/VNP46A1/2013/226/VNP46A1.A2013226.h31v02.001.2019117074350.h5",2013,"226"
"VNP46A1.A2013226.h31v03.001.2019117082148.h5","https://ladsweb.modaps.eosdis.nasa.gov/archive/allData/5000/VNP46A1/2013/226/VNP46A1.A2013226.h31v03.001.2019117082148.h5",2013,"226"
"VNP46A1.A2013226.h31v04.001.2019117074449.h5","https://ladsweb.modaps.eosdis.nasa.gov/archive/allData/5000/VNP46A1/2013/226/VNP46A1.A2013226.h31v04.001.2019117074449.h5",2013,"226"
"VNP46A1.A2013226.h31v05.001.2019117070616.h5","https://ladsweb.modaps.eosdis.nasa.gov/archive/allData/5000/VNP46A1/2013/226/VNP46A1.A2013226.h31v05.001.2019117070616.h5",2013,"226"
"VNP46A1.A2013226.h31v06.001.2019117070924.h5","https://ladsweb.modaps.eosdis.nasa.gov/archive/allData/5000/VNP46A1/2013/226/VNP46A1.A2013226.h31v06.001.2019117070924.h5",2013,"226"
"VNP46A1.A2013226.h31v07.001.2019117080415.h5","https://ladsweb.modaps.eosdis.nasa.gov/archive/allData/5000/VNP46A1/2013/226/VNP46A1.A2013226.h31v07.001.2019117080415.h5",2013,"226"
"VNP46A1.A2013226.h31v08.001.2019117084834.h5","https://ladsweb.modaps.eosdis.nasa.gov/archive/allData/5000/VNP46A1/2013/226/VNP46A1.A2013226.h31v08.001.2019117084834.h5",2013,"226"
"VNP46A1.A2013226.h31v09.001.2019117074453.h5","https://ladsweb.modaps.eosdis.nasa.gov/archive/allData/5000/VNP46A1/2013/226/VNP46A1.A2013226.h31v09.001.2019117074453.h5",2013,"226"
"VNP46A1.A2013226.h31v10.001.2019117065316.h5","https://ladsweb.modaps.eosdis.nasa.gov/archive/allData/5000/VNP46A1/2013/226/VNP46A1.A2013226.h31v10.001.2019117065316.h5",2013,"226"
"VNP46A1.A2013226.h31v11.001.2019117070939.h5","https://ladsweb.modaps.eosdis.nasa.gov/archive/allData/5000/VNP46A1/2013/226/VNP46A1.A2013226.h31v11.001.2019117070939.h5",2013,"226"
"VNP46A1.A2013226.h31v12.001.2019117071254.h5","https://ladsweb.modaps.eosdis.nasa.gov/archive/allData/5000/VNP46A1/2013/226/VNP46A1.A2013226.h31v12.001.2019117071254.h5",2013,"226"
"VNP46A1.A2013226.h31v13.001.2019117071429.h5","https://ladsweb.modaps.eosdis.nasa.gov/archive/allData/5000/VNP46A1/2013/226/VNP46A1.A2013226.h31v13.001.2019117071429.h5",2013,"226"
"VNP46A1.A2013226.h31v14.001.2019117071440.h5","https://ladsweb.modaps.eosdis.nasa.gov/archive/allData/5000/VNP46A1/2013/226/VNP46A1.A2013226.h31v14.001.2019117071440.h5",2013,"226"
"VNP46A1.A2013226.h31v15.001.2019117083922.h5","https://ladsweb.modaps.eosdis.nasa.gov/archive/allData/5000/VNP46A1/2013/226/VNP46A1.A2013226.h31v15.001.2019117083922.h5",2013,"226"
"VNP46A1.A2013226.h31v16.001.2019117071328.h5","https://ladsweb.modaps.eosdis.nasa.gov/archive/allData/5000/VNP46A1/2013/226/VNP46A1.A2013226.h31v16.001.2019117071328.h5",2013,"226"
"VNP46A1.A2013226.h31v17.001.2019117071318.h5","https://ladsweb.modaps.eosdis.nasa.gov/archive/allData/5000/VNP46A1/2013/226/VNP46A1.A2013226.h31v17.001.2019117071318.h5",2013,"226"
"VNP46A1.A2013226.h32v02.001.2019117071328.h5","https://ladsweb.modaps.eosdis.nasa.gov/archive/allData/5000/VNP46A1/2013/226/VNP46A1.A2013226.h32v02.001.2019117071328.h5",2013,"226"
"VNP46A1.A2013226.h32v03.001.2019117074605.h5","https://ladsweb.modaps.eosdis.nasa.gov/archive/allData/5000/VNP46A1/2013/226/VNP46A1.A2013226.h32v03.001.2019117074605.h5",2013,"226"
"VNP46A1.A2013226.h32v04.001.2019117082659.h5","https://ladsweb.modaps.eosdis.nasa.gov/archive/allData/5000/VNP46A1/2013/226/VNP46A1.A2013226.h32v04.001.2019117082659.h5",2013,"226"
"VNP46A1.A2013226.h32v05.001.2019117071223.h5","https://ladsweb.modaps.eosdis.nasa.gov/archive/allData/5000/VNP46A1/2013/226/VNP46A1.A2013226.h32v05.001.2019117071223.h5",2013,"226"
"VNP46A1.A2013226.h32v06.001.2019117070933.h5","https://ladsweb.modaps.eosdis.nasa.gov/archive/allData/5000/VNP46A1/2013/226/VNP46A1.A2013226.h32v06.001.2019117070933.h5",2013,"226"
"VNP46A1.A2013226.h32v07.001.2019117065427.h5","https://ladsweb.modaps.eosdis.nasa.gov/archive/allData/5000/VNP46A1/2013/226/VNP46A1.A2013226.h32v07.001.2019117065427.h5",2013,"226"
"VNP46A1.A2013226.h32v08.001.2019117070957.h5","https://ladsweb.modaps.eosdis.nasa.gov/archive/allData/5000/VNP46A1/2013/226/VNP46A1.A2013226.h32v08.001.2019117070957.h5",2013,"226"
"VNP46A1.A2013226.h32v09.001.2019117074434.h5","https://ladsweb.modaps.eosdis.nasa.gov/archive/allData/5000/VNP46A1/2013/226/VNP46A1.A2013226.h32v09.001.2019117074434.h5",2013,"226"
"VNP46A1.A2013226.h32v10.001.2019117082319.h5","https://ladsweb.modaps.eosdis.nasa.gov/archive/allData/5000/VNP46A1/2013/226/VNP46A1.A2013226.h32v10.001.2019117082319.h5",2013,"226"
"VNP46A1.A2013226.h32v11.001.2019117073239.h5","https://ladsweb.modaps.eosdis.nasa.gov/archive/allData/5000/VNP46A1/2013/226/VNP46A1.A2013226.h32v11.001.2019117073239.h5",2013,"226"
"VNP46A1.A2013226.h32v12.001.2019117071131.h5","https://ladsweb.modaps.eosdis.nasa.gov/archive/allData/5000/VNP46A1/2013/226/VNP46A1.A2013226.h32v12.001.2019117071131.h5",2013,"226"
"VNP46A1.A2013226.h32v13.001.2019117080504.h5","https://ladsweb.modaps.eosdis.nasa.gov/archive/allData/5000/VNP46A1/2013/226/VNP46A1.A2013226.h32v13.001.2019117080504.h5",2013,"226"
"VNP46A1.A2013226.h32v14.001.2019117071031.h5","https://ladsweb.modaps.eosdis.nasa.gov/archive/allData/5000/VNP46A1/2013/226/VNP46A1.A2013226.h32v14.001.2019117071031.h5",2013,"226"
"VNP46A1.A2013226.h32v15.001.2019117071521.h5","https://ladsweb.modaps.eosdis.nasa.gov/archive/allData/5000/VNP46A1/2013/226/VNP46A1.A2013226.h32v15.001.2019117071521.h5",2013,"226"
"VNP46A1.A2013226.h32v16.001.2019117071732.h5","https://ladsweb.modaps.eosdis.nasa.gov/archive/allData/5000/VNP46A1/2013/226/VNP46A1.A2013226.h32v16.001.2019117071732.h5",2013,"226"
"VNP46A1.A2013226.h32v17.001.2019117071712.h5","https://ladsweb.modaps.eosdis.nasa.gov/archive/allData/5000/VNP46A1/2013/226/VNP46A1.A2013226.h32v17.001.2019117071712.h5",2013,"226"
"VNP46A1.A2013226.h33v02.001.2019117071503.h5","https://ladsweb.modaps.eosdis.nasa.gov/archive/allData/5000/VNP46A1/2013/226/VNP46A1.A2013226.h33v02.001.2019117071503.h5",2013,"226"
"VNP46A1.A2013226.h33v03.001.2019117071352.h5","https://ladsweb.modaps.eosdis.nasa.gov/archive/allData/5000/VNP46A1/2013/226/VNP46A1.A2013226.h33v03.001.2019117071352.h5",2013,"226"
"VNP46A1.A2013226.h33v04.001.2019117071040.h5","https://ladsweb.modaps.eosdis.nasa.gov/archive/allData/5000/VNP46A1/2013/226/VNP46A1.A2013226.h33v04.001.2019117071040.h5",2013,"226"
"VNP46A1.A2013226.h33v05.001.2019117071316.h5","https://ladsweb.modaps.eosdis.nasa.gov/archive/allData/5000/VNP46A1/2013/226/VNP46A1.A2013226.h33v05.001.2019117071316.h5",2013,"226"
"VNP46A1.A2013226.h33v06.001.2019117065533.h5","https://ladsweb.modaps.eosdis.nasa.gov/archive/allData/5000/VNP46A1/2013/226/VNP46A1.A2013226.h33v06.001.2019117065533.h5",2013,"226"
"VNP46A1.A2013226.h33v07.001.2019117071543.h5","https://ladsweb.modaps.eosdis.nasa.gov/archive/allData/5000/VNP46A1/2013/226/VNP46A1.A2013226.h33v07.001.2019117071543.h5",2013,"226"
"VNP46A1.A2013226.h33v08.001.2019117070702.h5","https://ladsweb.modaps.eosdis.nasa.gov/archive/allData/5000/VNP46A1/2013/226/VNP46A1.A2013226.h33v08.001.2019117070702.h5",2013,"226"
"VNP46A1.A2013226.h33v09.001.2019117071156.h5","https://ladsweb.modaps.eosdis.nasa.gov/archive/allData/5000/VNP46A1/2013/226/VNP46A1.A2013226.h33v09.001.2019117071156.h5",2013,"226"
"VNP46A1.A2013226.h33v10.001.2019117070634.h5","https://ladsweb.modaps.eosdis.nasa.gov/archive/allData/5000/VNP46A1/2013/226/VNP46A1.A2013226.h33v10.001.2019117070634.h5",2013,"226"
"VNP46A1.A2013226.h33v11.001.2019117085715.h5","https://ladsweb.modaps.eosdis.nasa.gov/archive/allData/5000/VNP46A1/2013/226/VNP46A1.A2013226.h33v11.001.2019117085715.h5",2013,"226"
"VNP46A1.A2013226.h33v12.001.2019117071046.h5","https://ladsweb.modaps.eosdis.nasa.gov/archive/allData/5000/VNP46A1/2013/226/VNP46A1.A2013226.h33v12.001.2019117071046.h5",2013,"226"
"VNP46A1.A2013226.h33v13.001.2019117071424.h5","https://ladsweb.modaps.eosdis.nasa.gov/archive/allData/5000/VNP46A1/2013/226/VNP46A1.A2013226.h33v13.001.2019117071424.h5",2013,"226"
"VNP46A1.A2013226.h33v14.001.2019117071403.h5","https://ladsweb.modaps.eosdis.nasa.gov/archive/allData/5000/VNP46A1/2013/226/VNP46A1.A2013226.h33v14.001.2019117071403.h5",2013,"226"
"VNP46A1.A2013226.h33v15.001.2019117075017.h5","https://ladsweb.modaps.eosdis.nasa.gov/archive/allData/5000/VNP46A1/2013/226/VNP46A1.A2013226.h33v15.001.2019117075017.h5",2013,"226"
"VNP46A1.A2013226.h33v16.001.2019117074511.h5","https://ladsweb.modaps.eosdis.nasa.gov/archive/allData/5000/VNP46A1/2013/226/VNP46A1.A2013226.h33v16.001.2019117074511.h5",2013,"226"
"VNP46A1.A2013226.h33v17.001.2019117073408.h5","https://ladsweb.modaps.eosdis.nasa.gov/archive/allData/5000/VNP46A1/2013/226/VNP46A1.A2013226.h33v17.001.2019117073408.h5",2013,"226"
"VNP46A1.A2013226.h34v02.001.2019117070637.h5","https://ladsweb.modaps.eosdis.nasa.gov/archive/allData/5000/VNP46A1/2013/226/VNP46A1.A2013226.h34v02.001.2019117070637.h5",2013,"226"
"VNP46A1.A2013226.h34v03.001.2019117070804.h5","https://ladsweb.modaps.eosdis.nasa.gov/archive/allData/5000/VNP46A1/2013/226/VNP46A1.A2013226.h34v03.001.2019117070804.h5",2013,"226"
"VNP46A1.A2013226.h34v04.001.2019117070744.h5","https://ladsweb.modaps.eosdis.nasa.gov/archive/allData/5000/VNP46A1/2013/226/VNP46A1.A2013226.h34v04.001.2019117070744.h5",2013,"226"
"VNP46A1.A2013226.h34v05.001.2019117085122.h5","https://ladsweb.modaps.eosdis.nasa.gov/archive/allData/5000/VNP46A1/2013/226/VNP46A1.A2013226.h34v05.001.2019117085122.h5",2013,"226"
"VNP46A1.A2013226.h34v06.001.2019117075023.h5","https://ladsweb.modaps.eosdis.nasa.gov/archive/allData/5000/VNP46A1/2013/226/VNP46A1.A2013226.h34v06.001.2019117075023.h5",2013,"226"
"VNP46A1.A2013226.h34v07.001.2019117071750.h5","https://ladsweb.modaps.eosdis.nasa.gov/archive/allData/5000/VNP46A1/2013/226/VNP46A1.A2013226.h34v07.001.2019117071750.h5",2013,"226"
"VNP46A1.A2013226.h34v08.001.2019117070733.h5","https://ladsweb.modaps.eosdis.nasa.gov/archive/allData/5000/VNP46A1/2013/226/VNP46A1.A2013226.h34v08.001.2019117070733.h5",2013,"226"
"VNP46A1.A2013226.h34v09.001.2019117085807.h5","https://ladsweb.modaps.eosdis.nasa.gov/archive/allData/5000/VNP46A1/2013/226/VNP46A1.A2013226.h34v09.001.2019117085807.h5",2013,"226"
"VNP46A1.A2013226.h34v10.001.2019117075033.h5","https://ladsweb.modaps.eosdis.nasa.gov/archive/allData/5000/VNP46A1/2013/226/VNP46A1.A2013226.h34v10.001.2019117075033.h5",2013,"226"
"VNP46A1.A2013226.h34v11.001.2019117071103.h5","https://ladsweb.modaps.eosdis.nasa.gov/archive/allData/5000/VNP46A1/2013/226/VNP46A1.A2013226.h34v11.001.2019117071103.h5",2013,"226"
"VNP46A1.A2013226.h34v12.001.2019117071746.h5","https://ladsweb.modaps.eosdis.nasa.gov/archive/allData/5000/VNP46A1/2013/226/VNP46A1.A2013226.h34v12.001.2019117071746.h5",2013,"226"
"VNP46A1.A2013226.h34v13.001.2019117075044.h5","https://ladsweb.modaps.eosdis.nasa.gov/archive/allData/5000/VNP46A1/2013/226/VNP46A1.A2013226.h34v13.001.2019117075044.h5",2013,"226"
"VNP46A1.A2013226.h34v14.001.2019117071950.h5","https://ladsweb.modaps.eosdis.nasa.gov/archive/allData/5000/VNP46A1/2013/226/VNP46A1.A2013226.h34v14.001.2019117071950.h5",2013,"226"
"VNP46A1.A2013226.h34v15.001.2019117072257.h5","https://ladsweb.modaps.eosdis.nasa.gov/archive/allData/5000/VNP46A1/2013/226/VNP46A1.A2013226.h34v15.001.2019117072257.h5",2013,"226"
"VNP46A1.A2013226.h34v16.001.2019117085102.h5","https://ladsweb.modaps.eosdis.nasa.gov/archive/allData/5000/VNP46A1/2013/226/VNP46A1.A2013226.h34v16.001.2019117085102.h5",2013,"226"
"VNP46A1.A2013226.h34v17.001.2019117073501.h5","https://ladsweb.modaps.eosdis.nasa.gov/archive/allData/5000/VNP46A1/2013/226/VNP46A1.A2013226.h34v17.001.2019117073501.h5",2013,"226"
"VNP46A1.A2013226.h35v02.001.2019117071548.h5","https://ladsweb.modaps.eosdis.nasa.gov/archive/allData/5000/VNP46A1/2013/226/VNP46A1.A2013226.h35v02.001.2019117071548.h5",2013,"226"
"VNP46A1.A2013226.h35v03.001.2019117071639.h5","https://ladsweb.modaps.eosdis.nasa.gov/archive/allData/5000/VNP46A1/2013/226/VNP46A1.A2013226.h35v03.001.2019117071639.h5",2013,"226"
"VNP46A1.A2013226.h35v04.001.2019117073511.h5","https://ladsweb.modaps.eosdis.nasa.gov/archive/allData/5000/VNP46A1/2013/226/VNP46A1.A2013226.h35v04.001.2019117073511.h5",2013,"226"
"VNP46A1.A2013226.h35v05.001.2019117085721.h5","https://ladsweb.modaps.eosdis.nasa.gov/archive/allData/5000/VNP46A1/2013/226/VNP46A1.A2013226.h35v05.001.2019117085721.h5",2013,"226"
"VNP46A1.A2013226.h35v06.001.2019117065628.h5","https://ladsweb.modaps.eosdis.nasa.gov/archive/allData/5000/VNP46A1/2013/226/VNP46A1.A2013226.h35v06.001.2019117065628.h5",2013,"226"
"VNP46A1.A2013226.h35v07.001.2019117071317.h5","https://ladsweb.modaps.eosdis.nasa.gov/archive/allData/5000/VNP46A1/2013/226/VNP46A1.A2013226.h35v07.001.2019117071317.h5",2013,"226"
"VNP46A1.A2013226.h35v08.001.2019117082742.h5","https://ladsweb.modaps.eosdis.nasa.gov/archive/allData/5000/VNP46A1/2013/226/VNP46A1.A2013226.h35v08.001.2019117082742.h5",2013,"226"
"VNP46A1.A2013226.h35v09.001.2019117075113.h5","https://ladsweb.modaps.eosdis.nasa.gov/archive/allData/5000/VNP46A1/2013/226/VNP46A1.A2013226.h35v09.001.2019117075113.h5",2013,"226"
"VNP46A1.A2013226.h35v10.001.2019117072327.h5","https://ladsweb.modaps.eosdis.nasa.gov/archive/allData/5000/VNP46A1/2013/226/VNP46A1.A2013226.h35v10.001.2019117072327.h5",2013,"226"
"VNP46A1.A2013226.h35v11.001.2019117083956.h5","https://ladsweb.modaps.eosdis.nasa.gov/archive/allData/5000/VNP46A1/2013/226/VNP46A1.A2013226.h35v11.001.2019117083956.h5",2013,"226"
"VNP46A1.A2013226.h35v12.001.2019117070723.h5","https://ladsweb.modaps.eosdis.nasa.gov/archive/allData/5000/VNP46A1/2013/226/VNP46A1.A2013226.h35v12.001.2019117070723.h5",2013,"226"
"VNP46A1.A2013226.h35v13.001.2019117071827.h5","https://ladsweb.modaps.eosdis.nasa.gov/archive/allData/5000/VNP46A1/2013/226/VNP46A1.A2013226.h35v13.001.2019117071827.h5",2013,"226"
"VNP46A1.A2013226.h35v14.001.2019117075245.h5","https://ladsweb.modaps.eosdis.nasa.gov/archive/allData/5000/VNP46A1/2013/226/VNP46A1.A2013226.h35v14.001.2019117075245.h5",2013,"226"
"VNP46A1.A2013226.h35v15.001.2019117072006.h5","https://ladsweb.modaps.eosdis.nasa.gov/archive/allData/5000/VNP46A1/2013/226/VNP46A1.A2013226.h35v15.001.2019117072006.h5",2013,"226"
"VNP46A1.A2013226.h35v16.001.2019117070104.h5","https://ladsweb.modaps.eosdis.nasa.gov/archive/allData/5000/VNP46A1/2013/226/VNP46A1.A2013226.h35v16.001.2019117070104.h5",2013,"226"
"VNP46A1.A2013226.h35v17.001.2019117075136.h5","https://ladsweb.modaps.eosdis.nasa.gov/archive/allData/5000/VNP46A1/2013/226/VNP46A1.A2013226.h35v17.001.2019117075136.h5",2013,"226"
