"name","downloadsLink","year","day"
"VNP46A2.A2018259.h00v01.001.2020345052805.h5","https://ladsweb.modaps.eosdis.nasa.gov/archive/allData/5000/VNP46A2/2018/259/VNP46A2.A2018259.h00v01.001.2020345052805.h5",2018,"259"
"VNP46A2.A2018259.h00v02.001.2020345070451.h5","https://ladsweb.modaps.eosdis.nasa.gov/archive/allData/5000/VNP46A2/2018/259/VNP46A2.A2018259.h00v02.001.2020345070451.h5",2018,"259"
"VNP46A2.A2018259.h00v03.001.2020345063141.h5","https://ladsweb.modaps.eosdis.nasa.gov/archive/allData/5000/VNP46A2/2018/259/VNP46A2.A2018259.h00v03.001.2020345063141.h5",2018,"259"
"VNP46A2.A2018259.h00v06.001.2020343053204.h5","https://ladsweb.modaps.eosdis.nasa.gov/archive/allData/5000/VNP46A2/2018/259/VNP46A2.A2018259.h00v06.001.2020343053204.h5",2018,"259"
"VNP46A2.A2018259.h00v09.001.2020343053255.h5","https://ladsweb.modaps.eosdis.nasa.gov/archive/allData/5000/VNP46A2/2018/259/VNP46A2.A2018259.h00v09.001.2020343053255.h5",2018,"259"
"VNP46A2.A2018259.h00v10.001.2020343053207.h5","https://ladsweb.modaps.eosdis.nasa.gov/archive/allData/5000/VNP46A2/2018/259/VNP46A2.A2018259.h00v10.001.2020343053207.h5",2018,"259"
"VNP46A2.A2018259.h00v11.001.2020343053258.h5","https://ladsweb.modaps.eosdis.nasa.gov/archive/allData/5000/VNP46A2/2018/259/VNP46A2.A2018259.h00v11.001.2020343053258.h5",2018,"259"
"VNP46A2.A2018259.h00v13.001.2020343053347.h5","https://ladsweb.modaps.eosdis.nasa.gov/archive/allData/5000/VNP46A2/2018/259/VNP46A2.A2018259.h00v13.001.2020343053347.h5",2018,"259"
"VNP46A2.A2018259.h00v14.001.2020343053326.h5","https://ladsweb.modaps.eosdis.nasa.gov/archive/allData/5000/VNP46A2/2018/259/VNP46A2.A2018259.h00v14.001.2020343053326.h5",2018,"259"
"VNP46A2.A2018259.h00v15.001.2020345063256.h5","https://ladsweb.modaps.eosdis.nasa.gov/archive/allData/5000/VNP46A2/2018/259/VNP46A2.A2018259.h00v15.001.2020345063256.h5",2018,"259"
"VNP46A2.A2018259.h00v16.001.2020345063213.h5","https://ladsweb.modaps.eosdis.nasa.gov/archive/allData/5000/VNP46A2/2018/259/VNP46A2.A2018259.h00v16.001.2020345063213.h5",2018,"259"
"VNP46A2.A2018259.h00v17.001.2020345062624.h5","https://ladsweb.modaps.eosdis.nasa.gov/archive/allData/5000/VNP46A2/2018/259/VNP46A2.A2018259.h00v17.001.2020345062624.h5",2018,"259"
"VNP46A2.A2018259.h01v02.001.2020345092249.h5","https://ladsweb.modaps.eosdis.nasa.gov/archive/allData/5000/VNP46A2/2018/259/VNP46A2.A2018259.h01v02.001.2020345092249.h5",2018,"259"
"VNP46A2.A2018259.h01v03.001.2020345082800.h5","https://ladsweb.modaps.eosdis.nasa.gov/archive/allData/5000/VNP46A2/2018/259/VNP46A2.A2018259.h01v03.001.2020345082800.h5",2018,"259"
"VNP46A2.A2018259.h01v06.001.2020343053157.h5","https://ladsweb.modaps.eosdis.nasa.gov/archive/allData/5000/VNP46A2/2018/259/VNP46A2.A2018259.h01v06.001.2020343053157.h5",2018,"259"
"VNP46A2.A2018259.h01v08.001.2020343053154.h5","https://ladsweb.modaps.eosdis.nasa.gov/archive/allData/5000/VNP46A2/2018/259/VNP46A2.A2018259.h01v08.001.2020343053154.h5",2018,"259"
"VNP46A2.A2018259.h01v16.001.2020345054251.h5","https://ladsweb.modaps.eosdis.nasa.gov/archive/allData/5000/VNP46A2/2018/259/VNP46A2.A2018259.h01v16.001.2020345054251.h5",2018,"259"
"VNP46A2.A2018259.h01v17.001.2020345054225.h5","https://ladsweb.modaps.eosdis.nasa.gov/archive/allData/5000/VNP46A2/2018/259/VNP46A2.A2018259.h01v17.001.2020345054225.h5",2018,"259"
"VNP46A2.A2018259.h02v01.001.2020345070511.h5","https://ladsweb.modaps.eosdis.nasa.gov/archive/allData/5000/VNP46A2/2018/259/VNP46A2.A2018259.h02v01.001.2020345070511.h5",2018,"259"
"VNP46A2.A2018259.h02v02.001.2020345194336.h5","https://ladsweb.modaps.eosdis.nasa.gov/archive/allData/5000/VNP46A2/2018/259/VNP46A2.A2018259.h02v02.001.2020345194336.h5",2018,"259"
"VNP46A2.A2018259.h02v03.001.2020345154247.h5","https://ladsweb.modaps.eosdis.nasa.gov/archive/allData/5000/VNP46A2/2018/259/VNP46A2.A2018259.h02v03.001.2020345154247.h5",2018,"259"
"VNP46A2.A2018259.h02v06.001.2020343053137.h5","https://ladsweb.modaps.eosdis.nasa.gov/archive/allData/5000/VNP46A2/2018/259/VNP46A2.A2018259.h02v06.001.2020343053137.h5",2018,"259"
"VNP46A2.A2018259.h02v07.001.2020343053231.h5","https://ladsweb.modaps.eosdis.nasa.gov/archive/allData/5000/VNP46A2/2018/259/VNP46A2.A2018259.h02v07.001.2020343053231.h5",2018,"259"
"VNP46A2.A2018259.h02v08.001.2020343053213.h5","https://ladsweb.modaps.eosdis.nasa.gov/archive/allData/5000/VNP46A2/2018/259/VNP46A2.A2018259.h02v08.001.2020343053213.h5",2018,"259"
"VNP46A2.A2018259.h02v10.001.2020343053205.h5","https://ladsweb.modaps.eosdis.nasa.gov/archive/allData/5000/VNP46A2/2018/259/VNP46A2.A2018259.h02v10.001.2020343053205.h5",2018,"259"
"VNP46A2.A2018259.h02v16.001.2020345073153.h5","https://ladsweb.modaps.eosdis.nasa.gov/archive/allData/5000/VNP46A2/2018/259/VNP46A2.A2018259.h02v16.001.2020345073153.h5",2018,"259"
"VNP46A2.A2018259.h02v17.001.2020345054442.h5","https://ladsweb.modaps.eosdis.nasa.gov/archive/allData/5000/VNP46A2/2018/259/VNP46A2.A2018259.h02v17.001.2020345054442.h5",2018,"259"
"VNP46A2.A2018259.h03v02.001.2020345163219.h5","https://ladsweb.modaps.eosdis.nasa.gov/archive/allData/5000/VNP46A2/2018/259/VNP46A2.A2018259.h03v02.001.2020345163219.h5",2018,"259"
"VNP46A2.A2018259.h03v03.001.2020345070419.h5","https://ladsweb.modaps.eosdis.nasa.gov/archive/allData/5000/VNP46A2/2018/259/VNP46A2.A2018259.h03v03.001.2020345070419.h5",2018,"259"
"VNP46A2.A2018259.h03v09.001.2020343053207.h5","https://ladsweb.modaps.eosdis.nasa.gov/archive/allData/5000/VNP46A2/2018/259/VNP46A2.A2018259.h03v09.001.2020343053207.h5",2018,"259"
"VNP46A2.A2018259.h03v10.001.2020343071940.h5","https://ladsweb.modaps.eosdis.nasa.gov/archive/allData/5000/VNP46A2/2018/259/VNP46A2.A2018259.h03v10.001.2020343071940.h5",2018,"259"
"VNP46A2.A2018259.h03v11.001.2020343053209.h5","https://ladsweb.modaps.eosdis.nasa.gov/archive/allData/5000/VNP46A2/2018/259/VNP46A2.A2018259.h03v11.001.2020343053209.h5",2018,"259"
"VNP46A2.A2018259.h03v16.001.2020345094038.h5","https://ladsweb.modaps.eosdis.nasa.gov/archive/allData/5000/VNP46A2/2018/259/VNP46A2.A2018259.h03v16.001.2020345094038.h5",2018,"259"
"VNP46A2.A2018259.h03v17.001.2020345054132.h5","https://ladsweb.modaps.eosdis.nasa.gov/archive/allData/5000/VNP46A2/2018/259/VNP46A2.A2018259.h03v17.001.2020345054132.h5",2018,"259"
"VNP46A2.A2018259.h04v02.001.2020345154504.h5","https://ladsweb.modaps.eosdis.nasa.gov/archive/allData/5000/VNP46A2/2018/259/VNP46A2.A2018259.h04v02.001.2020345154504.h5",2018,"259"
"VNP46A2.A2018259.h04v03.001.2020345174604.h5","https://ladsweb.modaps.eosdis.nasa.gov/archive/allData/5000/VNP46A2/2018/259/VNP46A2.A2018259.h04v03.001.2020345174604.h5",2018,"259"
"VNP46A2.A2018259.h04v09.001.2020343053339.h5","https://ladsweb.modaps.eosdis.nasa.gov/archive/allData/5000/VNP46A2/2018/259/VNP46A2.A2018259.h04v09.001.2020343053339.h5",2018,"259"
"VNP46A2.A2018259.h04v10.001.2020343053154.h5","https://ladsweb.modaps.eosdis.nasa.gov/archive/allData/5000/VNP46A2/2018/259/VNP46A2.A2018259.h04v10.001.2020343053154.h5",2018,"259"
"VNP46A2.A2018259.h04v11.001.2020343053209.h5","https://ladsweb.modaps.eosdis.nasa.gov/archive/allData/5000/VNP46A2/2018/259/VNP46A2.A2018259.h04v11.001.2020343053209.h5",2018,"259"
"VNP46A2.A2018259.h04v16.001.2020345133401.h5","https://ladsweb.modaps.eosdis.nasa.gov/archive/allData/5000/VNP46A2/2018/259/VNP46A2.A2018259.h04v16.001.2020345133401.h5",2018,"259"
"VNP46A2.A2018259.h04v17.001.2020345060612.h5","https://ladsweb.modaps.eosdis.nasa.gov/archive/allData/5000/VNP46A2/2018/259/VNP46A2.A2018259.h04v17.001.2020345060612.h5",2018,"259"
"VNP46A2.A2018259.h05v01.001.2020345060856.h5","https://ladsweb.modaps.eosdis.nasa.gov/archive/allData/5000/VNP46A2/2018/259/VNP46A2.A2018259.h05v01.001.2020345060856.h5",2018,"259"
"VNP46A2.A2018259.h05v02.001.2020345154431.h5","https://ladsweb.modaps.eosdis.nasa.gov/archive/allData/5000/VNP46A2/2018/259/VNP46A2.A2018259.h05v02.001.2020345154431.h5",2018,"259"
"VNP46A2.A2018259.h05v03.001.2020346052100.h5","https://ladsweb.modaps.eosdis.nasa.gov/archive/allData/5000/VNP46A2/2018/259/VNP46A2.A2018259.h05v03.001.2020346052100.h5",2018,"259"
"VNP46A2.A2018259.h05v04.001.2020344102538.h5","https://ladsweb.modaps.eosdis.nasa.gov/archive/allData/5000/VNP46A2/2018/259/VNP46A2.A2018259.h05v04.001.2020344102538.h5",2018,"259"
"VNP46A2.A2018259.h05v05.001.2020343144953.h5","https://ladsweb.modaps.eosdis.nasa.gov/archive/allData/5000/VNP46A2/2018/259/VNP46A2.A2018259.h05v05.001.2020343144953.h5",2018,"259"
"VNP46A2.A2018259.h05v16.001.2020345125407.h5","https://ladsweb.modaps.eosdis.nasa.gov/archive/allData/5000/VNP46A2/2018/259/VNP46A2.A2018259.h05v16.001.2020345125407.h5",2018,"259"
"VNP46A2.A2018259.h05v17.001.2020345052424.h5","https://ladsweb.modaps.eosdis.nasa.gov/archive/allData/5000/VNP46A2/2018/259/VNP46A2.A2018259.h05v17.001.2020345052424.h5",2018,"259"
"VNP46A2.A2018259.h06v01.001.2020345051039.h5","https://ladsweb.modaps.eosdis.nasa.gov/archive/allData/5000/VNP46A2/2018/259/VNP46A2.A2018259.h06v01.001.2020345051039.h5",2018,"259"
"VNP46A2.A2018259.h06v02.001.2020345163155.h5","https://ladsweb.modaps.eosdis.nasa.gov/archive/allData/5000/VNP46A2/2018/259/VNP46A2.A2018259.h06v02.001.2020345163155.h5",2018,"259"
"VNP46A2.A2018259.h06v03.001.2020346043330.h5","https://ladsweb.modaps.eosdis.nasa.gov/archive/allData/5000/VNP46A2/2018/259/VNP46A2.A2018259.h06v03.001.2020346043330.h5",2018,"259"
"VNP46A2.A2018259.h06v04.001.2020348052433.h5","https://ladsweb.modaps.eosdis.nasa.gov/archive/allData/5000/VNP46A2/2018/259/VNP46A2.A2018259.h06v04.001.2020348052433.h5",2018,"259"
"VNP46A2.A2018259.h06v05.001.2020348054728.h5","https://ladsweb.modaps.eosdis.nasa.gov/archive/allData/5000/VNP46A2/2018/259/VNP46A2.A2018259.h06v05.001.2020348054728.h5",2018,"259"
"VNP46A2.A2018259.h06v06.001.2020343200908.h5","https://ladsweb.modaps.eosdis.nasa.gov/archive/allData/5000/VNP46A2/2018/259/VNP46A2.A2018259.h06v06.001.2020343200908.h5",2018,"259"
"VNP46A2.A2018259.h06v16.001.2020345121225.h5","https://ladsweb.modaps.eosdis.nasa.gov/archive/allData/5000/VNP46A2/2018/259/VNP46A2.A2018259.h06v16.001.2020345121225.h5",2018,"259"
"VNP46A2.A2018259.h06v17.001.2020345054140.h5","https://ladsweb.modaps.eosdis.nasa.gov/archive/allData/5000/VNP46A2/2018/259/VNP46A2.A2018259.h06v17.001.2020345054140.h5",2018,"259"
"VNP46A2.A2018259.h07v01.001.2020345060850.h5","https://ladsweb.modaps.eosdis.nasa.gov/archive/allData/5000/VNP46A2/2018/259/VNP46A2.A2018259.h07v01.001.2020345060850.h5",2018,"259"
"VNP46A2.A2018259.h07v02.001.2020345203334.h5","https://ladsweb.modaps.eosdis.nasa.gov/archive/allData/5000/VNP46A2/2018/259/VNP46A2.A2018259.h07v02.001.2020345203334.h5",2018,"259"
"VNP46A2.A2018259.h07v03.001.2020346043310.h5","https://ladsweb.modaps.eosdis.nasa.gov/archive/allData/5000/VNP46A2/2018/259/VNP46A2.A2018259.h07v03.001.2020346043310.h5",2018,"259"
"VNP46A2.A2018259.h07v04.001.2020348120252.h5","https://ladsweb.modaps.eosdis.nasa.gov/archive/allData/5000/VNP46A2/2018/259/VNP46A2.A2018259.h07v04.001.2020348120252.h5",2018,"259"
"VNP46A2.A2018259.h07v05.001.2020348223729.h5","https://ladsweb.modaps.eosdis.nasa.gov/archive/allData/5000/VNP46A2/2018/259/VNP46A2.A2018259.h07v05.001.2020348223729.h5",2018,"259"
"VNP46A2.A2018259.h07v06.001.2020348040721.h5","https://ladsweb.modaps.eosdis.nasa.gov/archive/allData/5000/VNP46A2/2018/259/VNP46A2.A2018259.h07v06.001.2020348040721.h5",2018,"259"
"VNP46A2.A2018259.h07v07.001.2020343172502.h5","https://ladsweb.modaps.eosdis.nasa.gov/archive/allData/5000/VNP46A2/2018/259/VNP46A2.A2018259.h07v07.001.2020343172502.h5",2018,"259"
"VNP46A2.A2018259.h07v16.001.2020345135233.h5","https://ladsweb.modaps.eosdis.nasa.gov/archive/allData/5000/VNP46A2/2018/259/VNP46A2.A2018259.h07v16.001.2020345135233.h5",2018,"259"
"VNP46A2.A2018259.h07v17.001.2020345054227.h5","https://ladsweb.modaps.eosdis.nasa.gov/archive/allData/5000/VNP46A2/2018/259/VNP46A2.A2018259.h07v17.001.2020345054227.h5",2018,"259"
"VNP46A2.A2018259.h08v01.001.2020345063357.h5","https://ladsweb.modaps.eosdis.nasa.gov/archive/allData/5000/VNP46A2/2018/259/VNP46A2.A2018259.h08v01.001.2020345063357.h5",2018,"259"
"VNP46A2.A2018259.h08v02.001.2020345194339.h5","https://ladsweb.modaps.eosdis.nasa.gov/archive/allData/5000/VNP46A2/2018/259/VNP46A2.A2018259.h08v02.001.2020345194339.h5",2018,"259"
"VNP46A2.A2018259.h08v03.001.2020346001133.h5","https://ladsweb.modaps.eosdis.nasa.gov/archive/allData/5000/VNP46A2/2018/259/VNP46A2.A2018259.h08v03.001.2020346001133.h5",2018,"259"
"VNP46A2.A2018259.h08v04.001.2020348060851.h5","https://ladsweb.modaps.eosdis.nasa.gov/archive/allData/5000/VNP46A2/2018/259/VNP46A2.A2018259.h08v04.001.2020348060851.h5",2018,"259"
"VNP46A2.A2018259.h08v05.001.2020348105913.h5","https://ladsweb.modaps.eosdis.nasa.gov/archive/allData/5000/VNP46A2/2018/259/VNP46A2.A2018259.h08v05.001.2020348105913.h5",2018,"259"
"VNP46A2.A2018259.h08v06.001.2020345063913.h5","https://ladsweb.modaps.eosdis.nasa.gov/archive/allData/5000/VNP46A2/2018/259/VNP46A2.A2018259.h08v06.001.2020345063913.h5",2018,"259"
"VNP46A2.A2018259.h08v07.001.2020344221448.h5","https://ladsweb.modaps.eosdis.nasa.gov/archive/allData/5000/VNP46A2/2018/259/VNP46A2.A2018259.h08v07.001.2020344221448.h5",2018,"259"
"VNP46A2.A2018259.h08v08.001.2020343053221.h5","https://ladsweb.modaps.eosdis.nasa.gov/archive/allData/5000/VNP46A2/2018/259/VNP46A2.A2018259.h08v08.001.2020343053221.h5",2018,"259"
"VNP46A2.A2018259.h08v09.001.2020343053236.h5","https://ladsweb.modaps.eosdis.nasa.gov/archive/allData/5000/VNP46A2/2018/259/VNP46A2.A2018259.h08v09.001.2020343053236.h5",2018,"259"
"VNP46A2.A2018259.h08v16.001.2020345212059.h5","https://ladsweb.modaps.eosdis.nasa.gov/archive/allData/5000/VNP46A2/2018/259/VNP46A2.A2018259.h08v16.001.2020345212059.h5",2018,"259"
"VNP46A2.A2018259.h08v17.001.2020345070308.h5","https://ladsweb.modaps.eosdis.nasa.gov/archive/allData/5000/VNP46A2/2018/259/VNP46A2.A2018259.h08v17.001.2020345070308.h5",2018,"259"
"VNP46A2.A2018259.h09v01.001.2020345094218.h5","https://ladsweb.modaps.eosdis.nasa.gov/archive/allData/5000/VNP46A2/2018/259/VNP46A2.A2018259.h09v01.001.2020345094218.h5",2018,"259"
"VNP46A2.A2018259.h09v02.001.2020345090455.h5","https://ladsweb.modaps.eosdis.nasa.gov/archive/allData/5000/VNP46A2/2018/259/VNP46A2.A2018259.h09v02.001.2020345090455.h5",2018,"259"
"VNP46A2.A2018259.h09v03.001.2020345160622.h5","https://ladsweb.modaps.eosdis.nasa.gov/archive/allData/5000/VNP46A2/2018/259/VNP46A2.A2018259.h09v03.001.2020345160622.h5",2018,"259"
"VNP46A2.A2018259.h09v04.001.2020347095644.h5","https://ladsweb.modaps.eosdis.nasa.gov/archive/allData/5000/VNP46A2/2018/259/VNP46A2.A2018259.h09v04.001.2020347095644.h5",2018,"259"
"VNP46A2.A2018259.h09v05.001.2020348031450.h5","https://ladsweb.modaps.eosdis.nasa.gov/archive/allData/5000/VNP46A2/2018/259/VNP46A2.A2018259.h09v05.001.2020348031450.h5",2018,"259"
"VNP46A2.A2018259.h09v06.001.2020343222827.h5","https://ladsweb.modaps.eosdis.nasa.gov/archive/allData/5000/VNP46A2/2018/259/VNP46A2.A2018259.h09v06.001.2020343222827.h5",2018,"259"
"VNP46A2.A2018259.h09v07.001.2020344023909.h5","https://ladsweb.modaps.eosdis.nasa.gov/archive/allData/5000/VNP46A2/2018/259/VNP46A2.A2018259.h09v07.001.2020344023909.h5",2018,"259"
"VNP46A2.A2018259.h09v08.001.2020343142854.h5","https://ladsweb.modaps.eosdis.nasa.gov/archive/allData/5000/VNP46A2/2018/259/VNP46A2.A2018259.h09v08.001.2020343142854.h5",2018,"259"
"VNP46A2.A2018259.h09v09.001.2020343053248.h5","https://ladsweb.modaps.eosdis.nasa.gov/archive/allData/5000/VNP46A2/2018/259/VNP46A2.A2018259.h09v09.001.2020343053248.h5",2018,"259"
"VNP46A2.A2018259.h09v16.001.2020345191545.h5","https://ladsweb.modaps.eosdis.nasa.gov/archive/allData/5000/VNP46A2/2018/259/VNP46A2.A2018259.h09v16.001.2020345191545.h5",2018,"259"
"VNP46A2.A2018259.h09v17.001.2020345070318.h5","https://ladsweb.modaps.eosdis.nasa.gov/archive/allData/5000/VNP46A2/2018/259/VNP46A2.A2018259.h09v17.001.2020345070318.h5",2018,"259"
"VNP46A2.A2018259.h10v01.001.2020345052717.h5","https://ladsweb.modaps.eosdis.nasa.gov/archive/allData/5000/VNP46A2/2018/259/VNP46A2.A2018259.h10v01.001.2020345052717.h5",2018,"259"
"VNP46A2.A2018259.h10v02.001.2020345141238.h5","https://ladsweb.modaps.eosdis.nasa.gov/archive/allData/5000/VNP46A2/2018/259/VNP46A2.A2018259.h10v02.001.2020345141238.h5",2018,"259"
"VNP46A2.A2018259.h10v03.001.2020346014318.h5","https://ladsweb.modaps.eosdis.nasa.gov/archive/allData/5000/VNP46A2/2018/259/VNP46A2.A2018259.h10v03.001.2020346014318.h5",2018,"259"
"VNP46A2.A2018259.h10v04.001.2020347094550.h5","https://ladsweb.modaps.eosdis.nasa.gov/archive/allData/5000/VNP46A2/2018/259/VNP46A2.A2018259.h10v04.001.2020347094550.h5",2018,"259"
"VNP46A2.A2018259.h10v05.001.2020344000526.h5","https://ladsweb.modaps.eosdis.nasa.gov/archive/allData/5000/VNP46A2/2018/259/VNP46A2.A2018259.h10v05.001.2020344000526.h5",2018,"259"
"VNP46A2.A2018259.h10v06.001.2020343121935.h5","https://ladsweb.modaps.eosdis.nasa.gov/archive/allData/5000/VNP46A2/2018/259/VNP46A2.A2018259.h10v06.001.2020343121935.h5",2018,"259"
"VNP46A2.A2018259.h10v07.001.2020344032521.h5","https://ladsweb.modaps.eosdis.nasa.gov/archive/allData/5000/VNP46A2/2018/259/VNP46A2.A2018259.h10v07.001.2020344032521.h5",2018,"259"
"VNP46A2.A2018259.h10v08.001.2020346053631.h5","https://ladsweb.modaps.eosdis.nasa.gov/archive/allData/5000/VNP46A2/2018/259/VNP46A2.A2018259.h10v08.001.2020346053631.h5",2018,"259"
"VNP46A2.A2018259.h10v09.001.2020348133915.h5","https://ladsweb.modaps.eosdis.nasa.gov/archive/allData/5000/VNP46A2/2018/259/VNP46A2.A2018259.h10v09.001.2020348133915.h5",2018,"259"
"VNP46A2.A2018259.h10v10.001.2020345105031.h5","https://ladsweb.modaps.eosdis.nasa.gov/archive/allData/5000/VNP46A2/2018/259/VNP46A2.A2018259.h10v10.001.2020345105031.h5",2018,"259"
"VNP46A2.A2018259.h10v11.001.2020343053309.h5","https://ladsweb.modaps.eosdis.nasa.gov/archive/allData/5000/VNP46A2/2018/259/VNP46A2.A2018259.h10v11.001.2020343053309.h5",2018,"259"
"VNP46A2.A2018259.h10v12.001.2020343161613.h5","https://ladsweb.modaps.eosdis.nasa.gov/archive/allData/5000/VNP46A2/2018/259/VNP46A2.A2018259.h10v12.001.2020343161613.h5",2018,"259"
"VNP46A2.A2018259.h10v13.001.2020344085929.h5","https://ladsweb.modaps.eosdis.nasa.gov/archive/allData/5000/VNP46A2/2018/259/VNP46A2.A2018259.h10v13.001.2020344085929.h5",2018,"259"
"VNP46A2.A2018259.h10v14.001.2020344003151.h5","https://ladsweb.modaps.eosdis.nasa.gov/archive/allData/5000/VNP46A2/2018/259/VNP46A2.A2018259.h10v14.001.2020344003151.h5",2018,"259"
"VNP46A2.A2018259.h10v15.001.2020345052617.h5","https://ladsweb.modaps.eosdis.nasa.gov/archive/allData/5000/VNP46A2/2018/259/VNP46A2.A2018259.h10v15.001.2020345052617.h5",2018,"259"
"VNP46A2.A2018259.h10v16.001.2020345165826.h5","https://ladsweb.modaps.eosdis.nasa.gov/archive/allData/5000/VNP46A2/2018/259/VNP46A2.A2018259.h10v16.001.2020345165826.h5",2018,"259"
"VNP46A2.A2018259.h10v17.001.2020345054122.h5","https://ladsweb.modaps.eosdis.nasa.gov/archive/allData/5000/VNP46A2/2018/259/VNP46A2.A2018259.h10v17.001.2020345054122.h5",2018,"259"
"VNP46A2.A2018259.h11v01.001.2020345060821.h5","https://ladsweb.modaps.eosdis.nasa.gov/archive/allData/5000/VNP46A2/2018/259/VNP46A2.A2018259.h11v01.001.2020345060821.h5",2018,"259"
"VNP46A2.A2018259.h11v02.001.2020345063302.h5","https://ladsweb.modaps.eosdis.nasa.gov/archive/allData/5000/VNP46A2/2018/259/VNP46A2.A2018259.h11v02.001.2020345063302.h5",2018,"259"
"VNP46A2.A2018259.h11v03.001.2020346020649.h5","https://ladsweb.modaps.eosdis.nasa.gov/archive/allData/5000/VNP46A2/2018/259/VNP46A2.A2018259.h11v03.001.2020346020649.h5",2018,"259"
"VNP46A2.A2018259.h11v04.001.2020344163035.h5","https://ladsweb.modaps.eosdis.nasa.gov/archive/allData/5000/VNP46A2/2018/259/VNP46A2.A2018259.h11v04.001.2020344163035.h5",2018,"259"
"VNP46A2.A2018259.h11v05.001.2020343053245.h5","https://ladsweb.modaps.eosdis.nasa.gov/archive/allData/5000/VNP46A2/2018/259/VNP46A2.A2018259.h11v05.001.2020343053245.h5",2018,"259"
"VNP46A2.A2018259.h11v07.001.2020343155628.h5","https://ladsweb.modaps.eosdis.nasa.gov/archive/allData/5000/VNP46A2/2018/259/VNP46A2.A2018259.h11v07.001.2020343155628.h5",2018,"259"
"VNP46A2.A2018259.h11v08.001.2020347170634.h5","https://ladsweb.modaps.eosdis.nasa.gov/archive/allData/5000/VNP46A2/2018/259/VNP46A2.A2018259.h11v08.001.2020347170634.h5",2018,"259"
"VNP46A2.A2018259.h11v09.001.2020348162406.h5","https://ladsweb.modaps.eosdis.nasa.gov/archive/allData/5000/VNP46A2/2018/259/VNP46A2.A2018259.h11v09.001.2020348162406.h5",2018,"259"
"VNP46A2.A2018259.h11v10.001.2020348210305.h5","https://ladsweb.modaps.eosdis.nasa.gov/archive/allData/5000/VNP46A2/2018/259/VNP46A2.A2018259.h11v10.001.2020348210305.h5",2018,"259"
"VNP46A2.A2018259.h11v11.001.2020348191224.h5","https://ladsweb.modaps.eosdis.nasa.gov/archive/allData/5000/VNP46A2/2018/259/VNP46A2.A2018259.h11v11.001.2020348191224.h5",2018,"259"
"VNP46A2.A2018259.h11v12.001.2020348175836.h5","https://ladsweb.modaps.eosdis.nasa.gov/archive/allData/5000/VNP46A2/2018/259/VNP46A2.A2018259.h11v12.001.2020348175836.h5",2018,"259"
"VNP46A2.A2018259.h11v13.001.2020345124946.h5","https://ladsweb.modaps.eosdis.nasa.gov/archive/allData/5000/VNP46A2/2018/259/VNP46A2.A2018259.h11v13.001.2020345124946.h5",2018,"259"
"VNP46A2.A2018259.h11v14.001.2020343220818.h5","https://ladsweb.modaps.eosdis.nasa.gov/archive/allData/5000/VNP46A2/2018/259/VNP46A2.A2018259.h11v14.001.2020343220818.h5",2018,"259"
"VNP46A2.A2018259.h11v15.001.2020345073119.h5","https://ladsweb.modaps.eosdis.nasa.gov/archive/allData/5000/VNP46A2/2018/259/VNP46A2.A2018259.h11v15.001.2020345073119.h5",2018,"259"
"VNP46A2.A2018259.h11v16.001.2020345180747.h5","https://ladsweb.modaps.eosdis.nasa.gov/archive/allData/5000/VNP46A2/2018/259/VNP46A2.A2018259.h11v16.001.2020345180747.h5",2018,"259"
"VNP46A2.A2018259.h11v17.001.2020345054119.h5","https://ladsweb.modaps.eosdis.nasa.gov/archive/allData/5000/VNP46A2/2018/259/VNP46A2.A2018259.h11v17.001.2020345054119.h5",2018,"259"
"VNP46A2.A2018259.h12v01.001.2020345073326.h5","https://ladsweb.modaps.eosdis.nasa.gov/archive/allData/5000/VNP46A2/2018/259/VNP46A2.A2018259.h12v01.001.2020345073326.h5",2018,"259"
"VNP46A2.A2018259.h12v02.001.2020345060732.h5","https://ladsweb.modaps.eosdis.nasa.gov/archive/allData/5000/VNP46A2/2018/259/VNP46A2.A2018259.h12v02.001.2020345060732.h5",2018,"259"
"VNP46A2.A2018259.h12v03.001.2020345070328.h5","https://ladsweb.modaps.eosdis.nasa.gov/archive/allData/5000/VNP46A2/2018/259/VNP46A2.A2018259.h12v03.001.2020345070328.h5",2018,"259"
"VNP46A2.A2018259.h12v04.001.2020343203332.h5","https://ladsweb.modaps.eosdis.nasa.gov/archive/allData/5000/VNP46A2/2018/259/VNP46A2.A2018259.h12v04.001.2020343203332.h5",2018,"259"
"VNP46A2.A2018259.h12v07.001.2021253112005.h5","https://ladsweb.modaps.eosdis.nasa.gov/archive/allData/5000/VNP46A2/2018/259/VNP46A2.A2018259.h12v07.001.2021253112005.h5",2018,"259"
"VNP46A2.A2018259.h12v08.001.2020345012449.h5","https://ladsweb.modaps.eosdis.nasa.gov/archive/allData/5000/VNP46A2/2018/259/VNP46A2.A2018259.h12v08.001.2020345012449.h5",2018,"259"
"VNP46A2.A2018259.h12v09.001.2020348193058.h5","https://ladsweb.modaps.eosdis.nasa.gov/archive/allData/5000/VNP46A2/2018/259/VNP46A2.A2018259.h12v09.001.2020348193058.h5",2018,"259"
"VNP46A2.A2018259.h12v10.001.2020348221836.h5","https://ladsweb.modaps.eosdis.nasa.gov/archive/allData/5000/VNP46A2/2018/259/VNP46A2.A2018259.h12v10.001.2020348221836.h5",2018,"259"
"VNP46A2.A2018259.h12v11.001.2020348181730.h5","https://ladsweb.modaps.eosdis.nasa.gov/archive/allData/5000/VNP46A2/2018/259/VNP46A2.A2018259.h12v11.001.2020348181730.h5",2018,"259"
"VNP46A2.A2018259.h12v12.001.2020346075400.h5","https://ladsweb.modaps.eosdis.nasa.gov/archive/allData/5000/VNP46A2/2018/259/VNP46A2.A2018259.h12v12.001.2020346075400.h5",2018,"259"
"VNP46A2.A2018259.h12v14.001.2020343054623.h5","https://ladsweb.modaps.eosdis.nasa.gov/archive/allData/5000/VNP46A2/2018/259/VNP46A2.A2018259.h12v14.001.2020343054623.h5",2018,"259"
"VNP46A2.A2018259.h12v15.001.2020345052633.h5","https://ladsweb.modaps.eosdis.nasa.gov/archive/allData/5000/VNP46A2/2018/259/VNP46A2.A2018259.h12v15.001.2020345052633.h5",2018,"259"
"VNP46A2.A2018259.h12v16.001.2020345052705.h5","https://ladsweb.modaps.eosdis.nasa.gov/archive/allData/5000/VNP46A2/2018/259/VNP46A2.A2018259.h12v16.001.2020345052705.h5",2018,"259"
"VNP46A2.A2018259.h12v17.001.2020345052418.h5","https://ladsweb.modaps.eosdis.nasa.gov/archive/allData/5000/VNP46A2/2018/259/VNP46A2.A2018259.h12v17.001.2020345052418.h5",2018,"259"
"VNP46A2.A2018259.h13v01.001.2020345092409.h5","https://ladsweb.modaps.eosdis.nasa.gov/archive/allData/5000/VNP46A2/2018/259/VNP46A2.A2018259.h13v01.001.2020345092409.h5",2018,"259"
"VNP46A2.A2018259.h13v02.001.2020345200605.h5","https://ladsweb.modaps.eosdis.nasa.gov/archive/allData/5000/VNP46A2/2018/259/VNP46A2.A2018259.h13v02.001.2020345200605.h5",2018,"259"
"VNP46A2.A2018259.h13v08.001.2020343053206.h5","https://ladsweb.modaps.eosdis.nasa.gov/archive/allData/5000/VNP46A2/2018/259/VNP46A2.A2018259.h13v08.001.2020343053206.h5",2018,"259"
"VNP46A2.A2018259.h13v09.001.2020347181726.h5","https://ladsweb.modaps.eosdis.nasa.gov/archive/allData/5000/VNP46A2/2018/259/VNP46A2.A2018259.h13v09.001.2020347181726.h5",2018,"259"
"VNP46A2.A2018259.h13v10.001.2020348173904.h5","https://ladsweb.modaps.eosdis.nasa.gov/archive/allData/5000/VNP46A2/2018/259/VNP46A2.A2018259.h13v10.001.2020348173904.h5",2018,"259"
"VNP46A2.A2018259.h13v11.001.2020345095722.h5","https://ladsweb.modaps.eosdis.nasa.gov/archive/allData/5000/VNP46A2/2018/259/VNP46A2.A2018259.h13v11.001.2020345095722.h5",2018,"259"
"VNP46A2.A2018259.h13v15.001.2020345060648.h5","https://ladsweb.modaps.eosdis.nasa.gov/archive/allData/5000/VNP46A2/2018/259/VNP46A2.A2018259.h13v15.001.2020345060648.h5",2018,"259"
"VNP46A2.A2018259.h13v16.001.2020345063233.h5","https://ladsweb.modaps.eosdis.nasa.gov/archive/allData/5000/VNP46A2/2018/259/VNP46A2.A2018259.h13v16.001.2020345063233.h5",2018,"259"
"VNP46A2.A2018259.h13v17.001.2020345052525.h5","https://ladsweb.modaps.eosdis.nasa.gov/archive/allData/5000/VNP46A2/2018/259/VNP46A2.A2018259.h13v17.001.2020345052525.h5",2018,"259"
"VNP46A2.A2018259.h14v01.001.2020345073345.h5","https://ladsweb.modaps.eosdis.nasa.gov/archive/allData/5000/VNP46A2/2018/259/VNP46A2.A2018259.h14v01.001.2020345073345.h5",2018,"259"
"VNP46A2.A2018259.h14v02.001.2020345082850.h5","https://ladsweb.modaps.eosdis.nasa.gov/archive/allData/5000/VNP46A2/2018/259/VNP46A2.A2018259.h14v02.001.2020345082850.h5",2018,"259"
"VNP46A2.A2018259.h14v09.001.2020343185455.h5","https://ladsweb.modaps.eosdis.nasa.gov/archive/allData/5000/VNP46A2/2018/259/VNP46A2.A2018259.h14v09.001.2020343185455.h5",2018,"259"
"VNP46A2.A2018259.h14v10.001.2020343150841.h5","https://ladsweb.modaps.eosdis.nasa.gov/archive/allData/5000/VNP46A2/2018/259/VNP46A2.A2018259.h14v10.001.2020343150841.h5",2018,"259"
"VNP46A2.A2018259.h14v14.001.2020343053325.h5","https://ladsweb.modaps.eosdis.nasa.gov/archive/allData/5000/VNP46A2/2018/259/VNP46A2.A2018259.h14v14.001.2020343053325.h5",2018,"259"
"VNP46A2.A2018259.h14v16.001.2020345054246.h5","https://ladsweb.modaps.eosdis.nasa.gov/archive/allData/5000/VNP46A2/2018/259/VNP46A2.A2018259.h14v16.001.2020345054246.h5",2018,"259"
"VNP46A2.A2018259.h14v17.001.2020345052525.h5","https://ladsweb.modaps.eosdis.nasa.gov/archive/allData/5000/VNP46A2/2018/259/VNP46A2.A2018259.h14v17.001.2020345052525.h5",2018,"259"
"VNP46A2.A2018259.h15v01.001.2020345073256.h5","https://ladsweb.modaps.eosdis.nasa.gov/archive/allData/5000/VNP46A2/2018/259/VNP46A2.A2018259.h15v01.001.2020345073256.h5",2018,"259"
"VNP46A2.A2018259.h15v02.001.2020345073144.h5","https://ladsweb.modaps.eosdis.nasa.gov/archive/allData/5000/VNP46A2/2018/259/VNP46A2.A2018259.h15v02.001.2020345073144.h5",2018,"259"
"VNP46A2.A2018259.h15v03.001.2020345052637.h5","https://ladsweb.modaps.eosdis.nasa.gov/archive/allData/5000/VNP46A2/2018/259/VNP46A2.A2018259.h15v03.001.2020345052637.h5",2018,"259"
"VNP46A2.A2018259.h15v05.001.2020343053238.h5","https://ladsweb.modaps.eosdis.nasa.gov/archive/allData/5000/VNP46A2/2018/259/VNP46A2.A2018259.h15v05.001.2020343053238.h5",2018,"259"
"VNP46A2.A2018259.h15v07.001.2020343053314.h5","https://ladsweb.modaps.eosdis.nasa.gov/archive/allData/5000/VNP46A2/2018/259/VNP46A2.A2018259.h15v07.001.2020343053314.h5",2018,"259"
"VNP46A2.A2018259.h15v14.001.2020343053340.h5","https://ladsweb.modaps.eosdis.nasa.gov/archive/allData/5000/VNP46A2/2018/259/VNP46A2.A2018259.h15v14.001.2020343053340.h5",2018,"259"
"VNP46A2.A2018259.h15v16.001.2020345101906.h5","https://ladsweb.modaps.eosdis.nasa.gov/archive/allData/5000/VNP46A2/2018/259/VNP46A2.A2018259.h15v16.001.2020345101906.h5",2018,"259"
"VNP46A2.A2018259.h15v17.001.2020345054125.h5","https://ladsweb.modaps.eosdis.nasa.gov/archive/allData/5000/VNP46A2/2018/259/VNP46A2.A2018259.h15v17.001.2020345054125.h5",2018,"259"
"VNP46A2.A2018259.h16v01.001.2020345070552.h5","https://ladsweb.modaps.eosdis.nasa.gov/archive/allData/5000/VNP46A2/2018/259/VNP46A2.A2018259.h16v01.001.2020345070552.h5",2018,"259"
"VNP46A2.A2018259.h16v02.001.2020345063242.h5","https://ladsweb.modaps.eosdis.nasa.gov/archive/allData/5000/VNP46A2/2018/259/VNP46A2.A2018259.h16v02.001.2020345063242.h5",2018,"259"
"VNP46A2.A2018259.h16v03.001.2020345075153.h5","https://ladsweb.modaps.eosdis.nasa.gov/archive/allData/5000/VNP46A2/2018/259/VNP46A2.A2018259.h16v03.001.2020345075153.h5",2018,"259"
"VNP46A2.A2018259.h16v05.001.2020343053354.h5","https://ladsweb.modaps.eosdis.nasa.gov/archive/allData/5000/VNP46A2/2018/259/VNP46A2.A2018259.h16v05.001.2020343053354.h5",2018,"259"
"VNP46A2.A2018259.h16v06.001.2020344203334.h5","https://ladsweb.modaps.eosdis.nasa.gov/archive/allData/5000/VNP46A2/2018/259/VNP46A2.A2018259.h16v06.001.2020344203334.h5",2018,"259"
"VNP46A2.A2018259.h16v07.001.2020346022256.h5","https://ladsweb.modaps.eosdis.nasa.gov/archive/allData/5000/VNP46A2/2018/259/VNP46A2.A2018259.h16v07.001.2020346022256.h5",2018,"259"
"VNP46A2.A2018259.h16v08.001.2020343131044.h5","https://ladsweb.modaps.eosdis.nasa.gov/archive/allData/5000/VNP46A2/2018/259/VNP46A2.A2018259.h16v08.001.2020343131044.h5",2018,"259"
"VNP46A2.A2018259.h16v12.001.2020343053231.h5","https://ladsweb.modaps.eosdis.nasa.gov/archive/allData/5000/VNP46A2/2018/259/VNP46A2.A2018259.h16v12.001.2020343053231.h5",2018,"259"
"VNP46A2.A2018259.h16v16.001.2020345194314.h5","https://ladsweb.modaps.eosdis.nasa.gov/archive/allData/5000/VNP46A2/2018/259/VNP46A2.A2018259.h16v16.001.2020345194314.h5",2018,"259"
"VNP46A2.A2018259.h16v17.001.2020345052506.h5","https://ladsweb.modaps.eosdis.nasa.gov/archive/allData/5000/VNP46A2/2018/259/VNP46A2.A2018259.h16v17.001.2020345052506.h5",2018,"259"
"VNP46A2.A2018259.h17v01.001.2020345060958.h5","https://ladsweb.modaps.eosdis.nasa.gov/archive/allData/5000/VNP46A2/2018/259/VNP46A2.A2018259.h17v01.001.2020345060958.h5",2018,"259"
"VNP46A2.A2018259.h17v02.001.2020345060725.h5","https://ladsweb.modaps.eosdis.nasa.gov/archive/allData/5000/VNP46A2/2018/259/VNP46A2.A2018259.h17v02.001.2020345060725.h5",2018,"259"
"VNP46A2.A2018259.h17v03.001.2020345121207.h5","https://ladsweb.modaps.eosdis.nasa.gov/archive/allData/5000/VNP46A2/2018/259/VNP46A2.A2018259.h17v03.001.2020345121207.h5",2018,"259"
"VNP46A2.A2018259.h17v04.001.2020344064058.h5","https://ladsweb.modaps.eosdis.nasa.gov/archive/allData/5000/VNP46A2/2018/259/VNP46A2.A2018259.h17v04.001.2020344064058.h5",2018,"259"
"VNP46A2.A2018259.h17v05.001.2020347151857.h5","https://ladsweb.modaps.eosdis.nasa.gov/archive/allData/5000/VNP46A2/2018/259/VNP46A2.A2018259.h17v05.001.2020347151857.h5",2018,"259"
"VNP46A2.A2018259.h17v06.001.2020349060240.h5","https://ladsweb.modaps.eosdis.nasa.gov/archive/allData/5000/VNP46A2/2018/259/VNP46A2.A2018259.h17v06.001.2020349060240.h5",2018,"259"
"VNP46A2.A2018259.h17v07.001.2020348151015.h5","https://ladsweb.modaps.eosdis.nasa.gov/archive/allData/5000/VNP46A2/2018/259/VNP46A2.A2018259.h17v07.001.2020348151015.h5",2018,"259"
"VNP46A2.A2018259.h17v08.001.2020345234000.h5","https://ladsweb.modaps.eosdis.nasa.gov/archive/allData/5000/VNP46A2/2018/259/VNP46A2.A2018259.h17v08.001.2020345234000.h5",2018,"259"
"VNP46A2.A2018259.h17v13.001.2020343053230.h5","https://ladsweb.modaps.eosdis.nasa.gov/archive/allData/5000/VNP46A2/2018/259/VNP46A2.A2018259.h17v13.001.2020343053230.h5",2018,"259"
"VNP46A2.A2018259.h17v15.001.2020345054215.h5","https://ladsweb.modaps.eosdis.nasa.gov/archive/allData/5000/VNP46A2/2018/259/VNP46A2.A2018259.h17v15.001.2020345054215.h5",2018,"259"
"VNP46A2.A2018259.h17v16.001.2020346041101.h5","https://ladsweb.modaps.eosdis.nasa.gov/archive/allData/5000/VNP46A2/2018/259/VNP46A2.A2018259.h17v16.001.2020346041101.h5",2018,"259"
"VNP46A2.A2018259.h17v17.001.2020345060553.h5","https://ladsweb.modaps.eosdis.nasa.gov/archive/allData/5000/VNP46A2/2018/259/VNP46A2.A2018259.h17v17.001.2020345060553.h5",2018,"259"
"VNP46A2.A2018259.h18v02.001.2020345054300.h5","https://ladsweb.modaps.eosdis.nasa.gov/archive/allData/5000/VNP46A2/2018/259/VNP46A2.A2018259.h18v02.001.2020345054300.h5",2018,"259"
"VNP46A2.A2018259.h18v03.001.2020345101841.h5","https://ladsweb.modaps.eosdis.nasa.gov/archive/allData/5000/VNP46A2/2018/259/VNP46A2.A2018259.h18v03.001.2020345101841.h5",2018,"259"
"VNP46A2.A2018259.h18v04.001.2020346002831.h5","https://ladsweb.modaps.eosdis.nasa.gov/archive/allData/5000/VNP46A2/2018/259/VNP46A2.A2018259.h18v04.001.2020346002831.h5",2018,"259"
"VNP46A2.A2018259.h18v05.001.2020347071358.h5","https://ladsweb.modaps.eosdis.nasa.gov/archive/allData/5000/VNP46A2/2018/259/VNP46A2.A2018259.h18v05.001.2020347071358.h5",2018,"259"
"VNP46A2.A2018259.h18v06.001.2020349020605.h5","https://ladsweb.modaps.eosdis.nasa.gov/archive/allData/5000/VNP46A2/2018/259/VNP46A2.A2018259.h18v06.001.2020349020605.h5",2018,"259"
"VNP46A2.A2018259.h18v07.001.2020348223710.h5","https://ladsweb.modaps.eosdis.nasa.gov/archive/allData/5000/VNP46A2/2018/259/VNP46A2.A2018259.h18v07.001.2020348223710.h5",2018,"259"
"VNP46A2.A2018259.h18v08.001.2020345174651.h5","https://ladsweb.modaps.eosdis.nasa.gov/archive/allData/5000/VNP46A2/2018/259/VNP46A2.A2018259.h18v08.001.2020345174651.h5",2018,"259"
"VNP46A2.A2018259.h18v09.001.2020343053258.h5","https://ladsweb.modaps.eosdis.nasa.gov/archive/allData/5000/VNP46A2/2018/259/VNP46A2.A2018259.h18v09.001.2020343053258.h5",2018,"259"
"VNP46A2.A2018259.h18v14.001.2020343053257.h5","https://ladsweb.modaps.eosdis.nasa.gov/archive/allData/5000/VNP46A2/2018/259/VNP46A2.A2018259.h18v14.001.2020343053257.h5",2018,"259"
"VNP46A2.A2018259.h18v15.001.2020345052603.h5","https://ladsweb.modaps.eosdis.nasa.gov/archive/allData/5000/VNP46A2/2018/259/VNP46A2.A2018259.h18v15.001.2020345052603.h5",2018,"259"
"VNP46A2.A2018259.h18v16.001.2020346073756.h5","https://ladsweb.modaps.eosdis.nasa.gov/archive/allData/5000/VNP46A2/2018/259/VNP46A2.A2018259.h18v16.001.2020346073756.h5",2018,"259"
"VNP46A2.A2018259.h18v17.001.2020345060552.h5","https://ladsweb.modaps.eosdis.nasa.gov/archive/allData/5000/VNP46A2/2018/259/VNP46A2.A2018259.h18v17.001.2020345060552.h5",2018,"259"
"VNP46A2.A2018259.h19v01.001.2020345063532.h5","https://ladsweb.modaps.eosdis.nasa.gov/archive/allData/5000/VNP46A2/2018/259/VNP46A2.A2018259.h19v01.001.2020345063532.h5",2018,"259"
"VNP46A2.A2018259.h19v02.001.2020345145855.h5","https://ladsweb.modaps.eosdis.nasa.gov/archive/allData/5000/VNP46A2/2018/259/VNP46A2.A2018259.h19v02.001.2020345145855.h5",2018,"259"
"VNP46A2.A2018259.h19v03.001.2020345220942.h5","https://ladsweb.modaps.eosdis.nasa.gov/archive/allData/5000/VNP46A2/2018/259/VNP46A2.A2018259.h19v03.001.2020345220942.h5",2018,"259"
"VNP46A2.A2018259.h19v04.001.2020345203517.h5","https://ladsweb.modaps.eosdis.nasa.gov/archive/allData/5000/VNP46A2/2018/259/VNP46A2.A2018259.h19v04.001.2020345203517.h5",2018,"259"
"VNP46A2.A2018259.h19v05.001.2020344050612.h5","https://ladsweb.modaps.eosdis.nasa.gov/archive/allData/5000/VNP46A2/2018/259/VNP46A2.A2018259.h19v05.001.2020344050612.h5",2018,"259"
"VNP46A2.A2018259.h19v06.001.2020349001222.h5","https://ladsweb.modaps.eosdis.nasa.gov/archive/allData/5000/VNP46A2/2018/259/VNP46A2.A2018259.h19v06.001.2020349001222.h5",2018,"259"
"VNP46A2.A2018259.h19v07.001.2020348181731.h5","https://ladsweb.modaps.eosdis.nasa.gov/archive/allData/5000/VNP46A2/2018/259/VNP46A2.A2018259.h19v07.001.2020348181731.h5",2018,"259"
"VNP46A2.A2018259.h19v08.001.2020348005936.h5","https://ladsweb.modaps.eosdis.nasa.gov/archive/allData/5000/VNP46A2/2018/259/VNP46A2.A2018259.h19v08.001.2020348005936.h5",2018,"259"
"VNP46A2.A2018259.h19v09.001.2020347134606.h5","https://ladsweb.modaps.eosdis.nasa.gov/archive/allData/5000/VNP46A2/2018/259/VNP46A2.A2018259.h19v09.001.2020347134606.h5",2018,"259"
"VNP46A2.A2018259.h19v10.001.2020347013109.h5","https://ladsweb.modaps.eosdis.nasa.gov/archive/allData/5000/VNP46A2/2018/259/VNP46A2.A2018259.h19v10.001.2020347013109.h5",2018,"259"
"VNP46A2.A2018259.h19v11.001.2020345114141.h5","https://ladsweb.modaps.eosdis.nasa.gov/archive/allData/5000/VNP46A2/2018/259/VNP46A2.A2018259.h19v11.001.2020345114141.h5",2018,"259"
"VNP46A2.A2018259.h19v12.001.2020343091632.h5","https://ladsweb.modaps.eosdis.nasa.gov/archive/allData/5000/VNP46A2/2018/259/VNP46A2.A2018259.h19v12.001.2020343091632.h5",2018,"259"
"VNP46A2.A2018259.h19v15.001.2020345054259.h5","https://ladsweb.modaps.eosdis.nasa.gov/archive/allData/5000/VNP46A2/2018/259/VNP46A2.A2018259.h19v15.001.2020345054259.h5",2018,"259"
"VNP46A2.A2018259.h19v16.001.2020346064056.h5","https://ladsweb.modaps.eosdis.nasa.gov/archive/allData/5000/VNP46A2/2018/259/VNP46A2.A2018259.h19v16.001.2020346064056.h5",2018,"259"
"VNP46A2.A2018259.h19v17.001.2020345054121.h5","https://ladsweb.modaps.eosdis.nasa.gov/archive/allData/5000/VNP46A2/2018/259/VNP46A2.A2018259.h19v17.001.2020345054121.h5",2018,"259"
"VNP46A2.A2018259.h20v01.001.2020345060952.h5","https://ladsweb.modaps.eosdis.nasa.gov/archive/allData/5000/VNP46A2/2018/259/VNP46A2.A2018259.h20v01.001.2020345060952.h5",2018,"259"
"VNP46A2.A2018259.h20v02.001.2020345163346.h5","https://ladsweb.modaps.eosdis.nasa.gov/archive/allData/5000/VNP46A2/2018/259/VNP46A2.A2018259.h20v02.001.2020345163346.h5",2018,"259"
"VNP46A2.A2018259.h20v03.001.2020346020609.h5","https://ladsweb.modaps.eosdis.nasa.gov/archive/allData/5000/VNP46A2/2018/259/VNP46A2.A2018259.h20v03.001.2020346020609.h5",2018,"259"
"VNP46A2.A2018259.h20v04.001.2020346190710.h5","https://ladsweb.modaps.eosdis.nasa.gov/archive/allData/5000/VNP46A2/2018/259/VNP46A2.A2018259.h20v04.001.2020346190710.h5",2018,"259"
"VNP46A2.A2018259.h20v05.001.2020345045324.h5","https://ladsweb.modaps.eosdis.nasa.gov/archive/allData/5000/VNP46A2/2018/259/VNP46A2.A2018259.h20v05.001.2020345045324.h5",2018,"259"
"VNP46A2.A2018259.h20v06.001.2020348210322.h5","https://ladsweb.modaps.eosdis.nasa.gov/archive/allData/5000/VNP46A2/2018/259/VNP46A2.A2018259.h20v06.001.2020348210322.h5",2018,"259"
"VNP46A2.A2018259.h20v07.001.2020348175820.h5","https://ladsweb.modaps.eosdis.nasa.gov/archive/allData/5000/VNP46A2/2018/259/VNP46A2.A2018259.h20v07.001.2020348175820.h5",2018,"259"
"VNP46A2.A2018259.h20v08.001.2020347210649.h5","https://ladsweb.modaps.eosdis.nasa.gov/archive/allData/5000/VNP46A2/2018/259/VNP46A2.A2018259.h20v08.001.2020347210649.h5",2018,"259"
"VNP46A2.A2018259.h20v09.001.2020348124631.h5","https://ladsweb.modaps.eosdis.nasa.gov/archive/allData/5000/VNP46A2/2018/259/VNP46A2.A2018259.h20v09.001.2020348124631.h5",2018,"259"
"VNP46A2.A2018259.h20v10.001.2020348212216.h5","https://ladsweb.modaps.eosdis.nasa.gov/archive/allData/5000/VNP46A2/2018/259/VNP46A2.A2018259.h20v10.001.2020348212216.h5",2018,"259"
"VNP46A2.A2018259.h20v11.001.2020348200812.h5","https://ladsweb.modaps.eosdis.nasa.gov/archive/allData/5000/VNP46A2/2018/259/VNP46A2.A2018259.h20v11.001.2020348200812.h5",2018,"259"
"VNP46A2.A2018259.h20v12.001.2020346021739.h5","https://ladsweb.modaps.eosdis.nasa.gov/archive/allData/5000/VNP46A2/2018/259/VNP46A2.A2018259.h20v12.001.2020346021739.h5",2018,"259"
"VNP46A2.A2018259.h20v15.001.2020345064852.h5","https://ladsweb.modaps.eosdis.nasa.gov/archive/allData/5000/VNP46A2/2018/259/VNP46A2.A2018259.h20v15.001.2020345064852.h5",2018,"259"
"VNP46A2.A2018259.h20v16.001.2020346043320.h5","https://ladsweb.modaps.eosdis.nasa.gov/archive/allData/5000/VNP46A2/2018/259/VNP46A2.A2018259.h20v16.001.2020346043320.h5",2018,"259"
"VNP46A2.A2018259.h20v17.001.2020345054134.h5","https://ladsweb.modaps.eosdis.nasa.gov/archive/allData/5000/VNP46A2/2018/259/VNP46A2.A2018259.h20v17.001.2020345054134.h5",2018,"259"
"VNP46A2.A2018259.h21v01.001.2020345054407.h5","https://ladsweb.modaps.eosdis.nasa.gov/archive/allData/5000/VNP46A2/2018/259/VNP46A2.A2018259.h21v01.001.2020345054407.h5",2018,"259"
"VNP46A2.A2018259.h21v02.001.2020345203417.h5","https://ladsweb.modaps.eosdis.nasa.gov/archive/allData/5000/VNP46A2/2018/259/VNP46A2.A2018259.h21v02.001.2020345203417.h5",2018,"259"
"VNP46A2.A2018259.h21v03.001.2020346045655.h5","https://ladsweb.modaps.eosdis.nasa.gov/archive/allData/5000/VNP46A2/2018/259/VNP46A2.A2018259.h21v03.001.2020346045655.h5",2018,"259"
"VNP46A2.A2018259.h21v04.001.2020345180130.h5","https://ladsweb.modaps.eosdis.nasa.gov/archive/allData/5000/VNP46A2/2018/259/VNP46A2.A2018259.h21v04.001.2020345180130.h5",2018,"259"
"VNP46A2.A2018259.h21v05.001.2020347012337.h5","https://ladsweb.modaps.eosdis.nasa.gov/archive/allData/5000/VNP46A2/2018/259/VNP46A2.A2018259.h21v05.001.2020347012337.h5",2018,"259"
"VNP46A2.A2018259.h21v06.001.2020348024624.h5","https://ladsweb.modaps.eosdis.nasa.gov/archive/allData/5000/VNP46A2/2018/259/VNP46A2.A2018259.h21v06.001.2020348024624.h5",2018,"259"
"VNP46A2.A2018259.h21v07.001.2020347223245.h5","https://ladsweb.modaps.eosdis.nasa.gov/archive/allData/5000/VNP46A2/2018/259/VNP46A2.A2018259.h21v07.001.2020347223245.h5",2018,"259"
"VNP46A2.A2018259.h21v08.001.2020348154724.h5","https://ladsweb.modaps.eosdis.nasa.gov/archive/allData/5000/VNP46A2/2018/259/VNP46A2.A2018259.h21v08.001.2020348154724.h5",2018,"259"
"VNP46A2.A2018259.h21v09.001.2020348160458.h5","https://ladsweb.modaps.eosdis.nasa.gov/archive/allData/5000/VNP46A2/2018/259/VNP46A2.A2018259.h21v09.001.2020348160458.h5",2018,"259"
"VNP46A2.A2018259.h21v10.001.2020348152824.h5","https://ladsweb.modaps.eosdis.nasa.gov/archive/allData/5000/VNP46A2/2018/259/VNP46A2.A2018259.h21v10.001.2020348152824.h5",2018,"259"
"VNP46A2.A2018259.h21v11.001.2020344091647.h5","https://ladsweb.modaps.eosdis.nasa.gov/archive/allData/5000/VNP46A2/2018/259/VNP46A2.A2018259.h21v11.001.2020344091647.h5",2018,"259"
"VNP46A2.A2018259.h21v12.001.2020343053253.h5","https://ladsweb.modaps.eosdis.nasa.gov/archive/allData/5000/VNP46A2/2018/259/VNP46A2.A2018259.h21v12.001.2020343053253.h5",2018,"259"
"VNP46A2.A2018259.h21v13.001.2020343053302.h5","https://ladsweb.modaps.eosdis.nasa.gov/archive/allData/5000/VNP46A2/2018/259/VNP46A2.A2018259.h21v13.001.2020343053302.h5",2018,"259"
"VNP46A2.A2018259.h21v15.001.2020345063211.h5","https://ladsweb.modaps.eosdis.nasa.gov/archive/allData/5000/VNP46A2/2018/259/VNP46A2.A2018259.h21v15.001.2020345063211.h5",2018,"259"
"VNP46A2.A2018259.h21v16.001.2020346083508.h5","https://ladsweb.modaps.eosdis.nasa.gov/archive/allData/5000/VNP46A2/2018/259/VNP46A2.A2018259.h21v16.001.2020346083508.h5",2018,"259"
"VNP46A2.A2018259.h21v17.001.2020345073041.h5","https://ladsweb.modaps.eosdis.nasa.gov/archive/allData/5000/VNP46A2/2018/259/VNP46A2.A2018259.h21v17.001.2020345073041.h5",2018,"259"
"VNP46A2.A2018259.h22v02.001.2020345191550.h5","https://ladsweb.modaps.eosdis.nasa.gov/archive/allData/5000/VNP46A2/2018/259/VNP46A2.A2018259.h22v02.001.2020345191550.h5",2018,"259"
"VNP46A2.A2018259.h22v03.001.2020346090025.h5","https://ladsweb.modaps.eosdis.nasa.gov/archive/allData/5000/VNP46A2/2018/259/VNP46A2.A2018259.h22v03.001.2020346090025.h5",2018,"259"
"VNP46A2.A2018259.h22v04.001.2020348005625.h5","https://ladsweb.modaps.eosdis.nasa.gov/archive/allData/5000/VNP46A2/2018/259/VNP46A2.A2018259.h22v04.001.2020348005625.h5",2018,"259"
"VNP46A2.A2018259.h22v05.001.2020348024920.h5","https://ladsweb.modaps.eosdis.nasa.gov/archive/allData/5000/VNP46A2/2018/259/VNP46A2.A2018259.h22v05.001.2020348024920.h5",2018,"259"
"VNP46A2.A2018259.h22v06.001.2020348162422.h5","https://ladsweb.modaps.eosdis.nasa.gov/archive/allData/5000/VNP46A2/2018/259/VNP46A2.A2018259.h22v06.001.2020348162422.h5",2018,"259"
"VNP46A2.A2018259.h22v07.001.2020347165023.h5","https://ladsweb.modaps.eosdis.nasa.gov/archive/allData/5000/VNP46A2/2018/259/VNP46A2.A2018259.h22v07.001.2020347165023.h5",2018,"259"
"VNP46A2.A2018259.h22v08.001.2020347234439.h5","https://ladsweb.modaps.eosdis.nasa.gov/archive/allData/5000/VNP46A2/2018/259/VNP46A2.A2018259.h22v08.001.2020347234439.h5",2018,"259"
"VNP46A2.A2018259.h22v09.001.2020343071927.h5","https://ladsweb.modaps.eosdis.nasa.gov/archive/allData/5000/VNP46A2/2018/259/VNP46A2.A2018259.h22v09.001.2020343071927.h5",2018,"259"
"VNP46A2.A2018259.h22v10.001.2020344025727.h5","https://ladsweb.modaps.eosdis.nasa.gov/archive/allData/5000/VNP46A2/2018/259/VNP46A2.A2018259.h22v10.001.2020344025727.h5",2018,"259"
"VNP46A2.A2018259.h22v11.001.2020344020516.h5","https://ladsweb.modaps.eosdis.nasa.gov/archive/allData/5000/VNP46A2/2018/259/VNP46A2.A2018259.h22v11.001.2020344020516.h5",2018,"259"
"VNP46A2.A2018259.h22v15.001.2020345060636.h5","https://ladsweb.modaps.eosdis.nasa.gov/archive/allData/5000/VNP46A2/2018/259/VNP46A2.A2018259.h22v15.001.2020345060636.h5",2018,"259"
"VNP46A2.A2018259.h22v16.001.2020346080800.h5","https://ladsweb.modaps.eosdis.nasa.gov/archive/allData/5000/VNP46A2/2018/259/VNP46A2.A2018259.h22v16.001.2020346080800.h5",2018,"259"
"VNP46A2.A2018259.h22v17.001.2020345050804.h5","https://ladsweb.modaps.eosdis.nasa.gov/archive/allData/5000/VNP46A2/2018/259/VNP46A2.A2018259.h22v17.001.2020345050804.h5",2018,"259"
"VNP46A2.A2018259.h23v01.001.2020345063404.h5","https://ladsweb.modaps.eosdis.nasa.gov/archive/allData/5000/VNP46A2/2018/259/VNP46A2.A2018259.h23v01.001.2020345063404.h5",2018,"259"
"VNP46A2.A2018259.h23v02.001.2020345212347.h5","https://ladsweb.modaps.eosdis.nasa.gov/archive/allData/5000/VNP46A2/2018/259/VNP46A2.A2018259.h23v02.001.2020345212347.h5",2018,"259"
"VNP46A2.A2018259.h23v03.001.2020346083051.h5","https://ladsweb.modaps.eosdis.nasa.gov/archive/allData/5000/VNP46A2/2018/259/VNP46A2.A2018259.h23v03.001.2020346083051.h5",2018,"259"
"VNP46A2.A2018259.h23v04.001.2020348140308.h5","https://ladsweb.modaps.eosdis.nasa.gov/archive/allData/5000/VNP46A2/2018/259/VNP46A2.A2018259.h23v04.001.2020348140308.h5",2018,"259"
"VNP46A2.A2018259.h23v05.001.2020348170156.h5","https://ladsweb.modaps.eosdis.nasa.gov/archive/allData/5000/VNP46A2/2018/259/VNP46A2.A2018259.h23v05.001.2020348170156.h5",2018,"259"
"VNP46A2.A2018259.h23v06.001.2020347083911.h5","https://ladsweb.modaps.eosdis.nasa.gov/archive/allData/5000/VNP46A2/2018/259/VNP46A2.A2018259.h23v06.001.2020347083911.h5",2018,"259"
"VNP46A2.A2018259.h23v07.001.2020344103314.h5","https://ladsweb.modaps.eosdis.nasa.gov/archive/allData/5000/VNP46A2/2018/259/VNP46A2.A2018259.h23v07.001.2020344103314.h5",2018,"259"
"VNP46A2.A2018259.h23v08.001.2020343053325.h5","https://ladsweb.modaps.eosdis.nasa.gov/archive/allData/5000/VNP46A2/2018/259/VNP46A2.A2018259.h23v08.001.2020343053325.h5",2018,"259"
"VNP46A2.A2018259.h23v09.001.2020343053204.h5","https://ladsweb.modaps.eosdis.nasa.gov/archive/allData/5000/VNP46A2/2018/259/VNP46A2.A2018259.h23v09.001.2020343053204.h5",2018,"259"
"VNP46A2.A2018259.h23v10.001.2020343053241.h5","https://ladsweb.modaps.eosdis.nasa.gov/archive/allData/5000/VNP46A2/2018/259/VNP46A2.A2018259.h23v10.001.2020343053241.h5",2018,"259"
"VNP46A2.A2018259.h23v11.001.2020343053247.h5","https://ladsweb.modaps.eosdis.nasa.gov/archive/allData/5000/VNP46A2/2018/259/VNP46A2.A2018259.h23v11.001.2020343053247.h5",2018,"259"
"VNP46A2.A2018259.h23v13.001.2020343053239.h5","https://ladsweb.modaps.eosdis.nasa.gov/archive/allData/5000/VNP46A2/2018/259/VNP46A2.A2018259.h23v13.001.2020343053239.h5",2018,"259"
"VNP46A2.A2018259.h23v15.001.2020345115024.h5","https://ladsweb.modaps.eosdis.nasa.gov/archive/allData/5000/VNP46A2/2018/259/VNP46A2.A2018259.h23v15.001.2020345115024.h5",2018,"259"
"VNP46A2.A2018259.h23v16.001.2020346094644.h5","https://ladsweb.modaps.eosdis.nasa.gov/archive/allData/5000/VNP46A2/2018/259/VNP46A2.A2018259.h23v16.001.2020346094644.h5",2018,"259"
"VNP46A2.A2018259.h23v17.001.2020345063056.h5","https://ladsweb.modaps.eosdis.nasa.gov/archive/allData/5000/VNP46A2/2018/259/VNP46A2.A2018259.h23v17.001.2020345063056.h5",2018,"259"
"VNP46A2.A2018259.h24v01.001.2020345061034.h5","https://ladsweb.modaps.eosdis.nasa.gov/archive/allData/5000/VNP46A2/2018/259/VNP46A2.A2018259.h24v01.001.2020345061034.h5",2018,"259"
"VNP46A2.A2018259.h24v02.001.2020346001317.h5","https://ladsweb.modaps.eosdis.nasa.gov/archive/allData/5000/VNP46A2/2018/259/VNP46A2.A2018259.h24v02.001.2020346001317.h5",2018,"259"
"VNP46A2.A2018259.h24v03.001.2020346140659.h5","https://ladsweb.modaps.eosdis.nasa.gov/archive/allData/5000/VNP46A2/2018/259/VNP46A2.A2018259.h24v03.001.2020346140659.h5",2018,"259"
"VNP46A2.A2018259.h24v04.001.2020348092029.h5","https://ladsweb.modaps.eosdis.nasa.gov/archive/allData/5000/VNP46A2/2018/259/VNP46A2.A2018259.h24v04.001.2020348092029.h5",2018,"259"
"VNP46A2.A2018259.h24v05.001.2020348181824.h5","https://ladsweb.modaps.eosdis.nasa.gov/archive/allData/5000/VNP46A2/2018/259/VNP46A2.A2018259.h24v05.001.2020348181824.h5",2018,"259"
"VNP46A2.A2018259.h24v06.001.2020347023641.h5","https://ladsweb.modaps.eosdis.nasa.gov/archive/allData/5000/VNP46A2/2018/259/VNP46A2.A2018259.h24v06.001.2020347023641.h5",2018,"259"
"VNP46A2.A2018259.h24v13.001.2020343053309.h5","https://ladsweb.modaps.eosdis.nasa.gov/archive/allData/5000/VNP46A2/2018/259/VNP46A2.A2018259.h24v13.001.2020343053309.h5",2018,"259"
"VNP46A2.A2018259.h24v15.001.2020345070404.h5","https://ladsweb.modaps.eosdis.nasa.gov/archive/allData/5000/VNP46A2/2018/259/VNP46A2.A2018259.h24v15.001.2020345070404.h5",2018,"259"
"VNP46A2.A2018259.h24v17.001.2020345073045.h5","https://ladsweb.modaps.eosdis.nasa.gov/archive/allData/5000/VNP46A2/2018/259/VNP46A2.A2018259.h24v17.001.2020345073045.h5",2018,"259"
"VNP46A2.A2018259.h25v01.001.2020345070515.h5","https://ladsweb.modaps.eosdis.nasa.gov/archive/allData/5000/VNP46A2/2018/259/VNP46A2.A2018259.h25v01.001.2020345070515.h5",2018,"259"
"VNP46A2.A2018259.h25v02.001.2020345232539.h5","https://ladsweb.modaps.eosdis.nasa.gov/archive/allData/5000/VNP46A2/2018/259/VNP46A2.A2018259.h25v02.001.2020345232539.h5",2018,"259"
"VNP46A2.A2018259.h25v03.001.2020346181222.h5","https://ladsweb.modaps.eosdis.nasa.gov/archive/allData/5000/VNP46A2/2018/259/VNP46A2.A2018259.h25v03.001.2020346181222.h5",2018,"259"
"VNP46A2.A2018259.h25v04.001.2020348085752.h5","https://ladsweb.modaps.eosdis.nasa.gov/archive/allData/5000/VNP46A2/2018/259/VNP46A2.A2018259.h25v04.001.2020348085752.h5",2018,"259"
"VNP46A2.A2018259.h25v05.001.2020348102619.h5","https://ladsweb.modaps.eosdis.nasa.gov/archive/allData/5000/VNP46A2/2018/259/VNP46A2.A2018259.h25v05.001.2020348102619.h5",2018,"259"
"VNP46A2.A2018259.h25v06.001.2020347123717.h5","https://ladsweb.modaps.eosdis.nasa.gov/archive/allData/5000/VNP46A2/2018/259/VNP46A2.A2018259.h25v06.001.2020347123717.h5",2018,"259"
"VNP46A2.A2018259.h25v07.001.2020344091929.h5","https://ladsweb.modaps.eosdis.nasa.gov/archive/allData/5000/VNP46A2/2018/259/VNP46A2.A2018259.h25v07.001.2020344091929.h5",2018,"259"
"VNP46A2.A2018259.h25v08.001.2020343090036.h5","https://ladsweb.modaps.eosdis.nasa.gov/archive/allData/5000/VNP46A2/2018/259/VNP46A2.A2018259.h25v08.001.2020343090036.h5",2018,"259"
"VNP46A2.A2018259.h25v09.001.2020343053202.h5","https://ladsweb.modaps.eosdis.nasa.gov/archive/allData/5000/VNP46A2/2018/259/VNP46A2.A2018259.h25v09.001.2020343053202.h5",2018,"259"
"VNP46A2.A2018259.h25v13.001.2020343053316.h5","https://ladsweb.modaps.eosdis.nasa.gov/archive/allData/5000/VNP46A2/2018/259/VNP46A2.A2018259.h25v13.001.2020343053316.h5",2018,"259"
"VNP46A2.A2018259.h25v14.001.2020343053322.h5","https://ladsweb.modaps.eosdis.nasa.gov/archive/allData/5000/VNP46A2/2018/259/VNP46A2.A2018259.h25v14.001.2020343053322.h5",2018,"259"
"VNP46A2.A2018259.h25v15.001.2020345070418.h5","https://ladsweb.modaps.eosdis.nasa.gov/archive/allData/5000/VNP46A2/2018/259/VNP46A2.A2018259.h25v15.001.2020345070418.h5",2018,"259"
"VNP46A2.A2018259.h25v16.001.2020346130146.h5","https://ladsweb.modaps.eosdis.nasa.gov/archive/allData/5000/VNP46A2/2018/259/VNP46A2.A2018259.h25v16.001.2020346130146.h5",2018,"259"
"VNP46A2.A2018259.h25v17.001.2020345070311.h5","https://ladsweb.modaps.eosdis.nasa.gov/archive/allData/5000/VNP46A2/2018/259/VNP46A2.A2018259.h25v17.001.2020345070311.h5",2018,"259"
"VNP46A2.A2018259.h26v01.001.2020345063429.h5","https://ladsweb.modaps.eosdis.nasa.gov/archive/allData/5000/VNP46A2/2018/259/VNP46A2.A2018259.h26v01.001.2020345063429.h5",2018,"259"
"VNP46A2.A2018259.h26v02.001.2020346023232.h5","https://ladsweb.modaps.eosdis.nasa.gov/archive/allData/5000/VNP46A2/2018/259/VNP46A2.A2018259.h26v02.001.2020346023232.h5",2018,"259"
"VNP46A2.A2018259.h26v03.001.2020346140735.h5","https://ladsweb.modaps.eosdis.nasa.gov/archive/allData/5000/VNP46A2/2018/259/VNP46A2.A2018259.h26v03.001.2020346140735.h5",2018,"259"
"VNP46A2.A2018259.h26v04.001.2020348074931.h5","https://ladsweb.modaps.eosdis.nasa.gov/archive/allData/5000/VNP46A2/2018/259/VNP46A2.A2018259.h26v04.001.2020348074931.h5",2018,"259"
"VNP46A2.A2018259.h26v05.001.2020348152855.h5","https://ladsweb.modaps.eosdis.nasa.gov/archive/allData/5000/VNP46A2/2018/259/VNP46A2.A2018259.h26v05.001.2020348152855.h5",2018,"259"
"VNP46A2.A2018259.h26v06.001.2020347045840.h5","https://ladsweb.modaps.eosdis.nasa.gov/archive/allData/5000/VNP46A2/2018/259/VNP46A2.A2018259.h26v06.001.2020347045840.h5",2018,"259"
"VNP46A2.A2018259.h26v07.001.2020343201350.h5","https://ladsweb.modaps.eosdis.nasa.gov/archive/allData/5000/VNP46A2/2018/259/VNP46A2.A2018259.h26v07.001.2020343201350.h5",2018,"259"
"VNP46A2.A2018259.h26v08.001.2020343053153.h5","https://ladsweb.modaps.eosdis.nasa.gov/archive/allData/5000/VNP46A2/2018/259/VNP46A2.A2018259.h26v08.001.2020343053153.h5",2018,"259"
"VNP46A2.A2018259.h26v15.001.2020345123337.h5","https://ladsweb.modaps.eosdis.nasa.gov/archive/allData/5000/VNP46A2/2018/259/VNP46A2.A2018259.h26v15.001.2020345123337.h5",2018,"259"
"VNP46A2.A2018259.h26v16.001.2020346151304.h5","https://ladsweb.modaps.eosdis.nasa.gov/archive/allData/5000/VNP46A2/2018/259/VNP46A2.A2018259.h26v16.001.2020346151304.h5",2018,"259"
"VNP46A2.A2018259.h26v17.001.2020345070308.h5","https://ladsweb.modaps.eosdis.nasa.gov/archive/allData/5000/VNP46A2/2018/259/VNP46A2.A2018259.h26v17.001.2020345070308.h5",2018,"259"
"VNP46A2.A2018259.h27v01.001.2020345073310.h5","https://ladsweb.modaps.eosdis.nasa.gov/archive/allData/5000/VNP46A2/2018/259/VNP46A2.A2018259.h27v01.001.2020345073310.h5",2018,"259"
"VNP46A2.A2018259.h27v02.001.2020346014628.h5","https://ladsweb.modaps.eosdis.nasa.gov/archive/allData/5000/VNP46A2/2018/259/VNP46A2.A2018259.h27v02.001.2020346014628.h5",2018,"259"
"VNP46A2.A2018259.h27v03.001.2020346132354.h5","https://ladsweb.modaps.eosdis.nasa.gov/archive/allData/5000/VNP46A2/2018/259/VNP46A2.A2018259.h27v03.001.2020346132354.h5",2018,"259"
"VNP46A2.A2018259.h27v04.001.2020348114115.h5","https://ladsweb.modaps.eosdis.nasa.gov/archive/allData/5000/VNP46A2/2018/259/VNP46A2.A2018259.h27v04.001.2020348114115.h5",2018,"259"
"VNP46A2.A2018259.h27v05.001.2020348080404.h5","https://ladsweb.modaps.eosdis.nasa.gov/archive/allData/5000/VNP46A2/2018/259/VNP46A2.A2018259.h27v05.001.2020348080404.h5",2018,"259"
"VNP46A2.A2018259.h27v06.001.2020347132050.h5","https://ladsweb.modaps.eosdis.nasa.gov/archive/allData/5000/VNP46A2/2018/259/VNP46A2.A2018259.h27v06.001.2020347132050.h5",2018,"259"
"VNP46A2.A2018259.h27v07.001.2020344014035.h5","https://ladsweb.modaps.eosdis.nasa.gov/archive/allData/5000/VNP46A2/2018/259/VNP46A2.A2018259.h27v07.001.2020344014035.h5",2018,"259"
"VNP46A2.A2018259.h27v08.001.2020343115159.h5","https://ladsweb.modaps.eosdis.nasa.gov/archive/allData/5000/VNP46A2/2018/259/VNP46A2.A2018259.h27v08.001.2020343115159.h5",2018,"259"
"VNP46A2.A2018259.h27v09.001.2020343053232.h5","https://ladsweb.modaps.eosdis.nasa.gov/archive/allData/5000/VNP46A2/2018/259/VNP46A2.A2018259.h27v09.001.2020343053232.h5",2018,"259"
"VNP46A2.A2018259.h27v15.001.2020345183231.h5","https://ladsweb.modaps.eosdis.nasa.gov/archive/allData/5000/VNP46A2/2018/259/VNP46A2.A2018259.h27v15.001.2020345183231.h5",2018,"259"
"VNP46A2.A2018259.h27v16.001.2020346142912.h5","https://ladsweb.modaps.eosdis.nasa.gov/archive/allData/5000/VNP46A2/2018/259/VNP46A2.A2018259.h27v16.001.2020346142912.h5",2018,"259"
"VNP46A2.A2018259.h27v17.001.2020345060551.h5","https://ladsweb.modaps.eosdis.nasa.gov/archive/allData/5000/VNP46A2/2018/259/VNP46A2.A2018259.h27v17.001.2020345060551.h5",2018,"259"
"VNP46A2.A2018259.h28v01.001.2020345070656.h5","https://ladsweb.modaps.eosdis.nasa.gov/archive/allData/5000/VNP46A2/2018/259/VNP46A2.A2018259.h28v01.001.2020345070656.h5",2018,"259"
"VNP46A2.A2018259.h28v02.001.2020346031844.h5","https://ladsweb.modaps.eosdis.nasa.gov/archive/allData/5000/VNP46A2/2018/259/VNP46A2.A2018259.h28v02.001.2020346031844.h5",2018,"259"
"VNP46A2.A2018259.h28v03.001.2020346113403.h5","https://ladsweb.modaps.eosdis.nasa.gov/archive/allData/5000/VNP46A2/2018/259/VNP46A2.A2018259.h28v03.001.2020346113403.h5",2018,"259"
"VNP46A2.A2018259.h28v04.001.2020348092011.h5","https://ladsweb.modaps.eosdis.nasa.gov/archive/allData/5000/VNP46A2/2018/259/VNP46A2.A2018259.h28v04.001.2020348092011.h5",2018,"259"
"VNP46A2.A2018259.h28v05.001.2020348080604.h5","https://ladsweb.modaps.eosdis.nasa.gov/archive/allData/5000/VNP46A2/2018/259/VNP46A2.A2018259.h28v05.001.2020348080604.h5",2018,"259"
"VNP46A2.A2018259.h28v06.001.2020347173719.h5","https://ladsweb.modaps.eosdis.nasa.gov/archive/allData/5000/VNP46A2/2018/259/VNP46A2.A2018259.h28v06.001.2020347173719.h5",2018,"259"
"VNP46A2.A2018259.h28v07.001.2020345042443.h5","https://ladsweb.modaps.eosdis.nasa.gov/archive/allData/5000/VNP46A2/2018/259/VNP46A2.A2018259.h28v07.001.2020345042443.h5",2018,"259"
"VNP46A2.A2018259.h28v08.001.2020343180254.h5","https://ladsweb.modaps.eosdis.nasa.gov/archive/allData/5000/VNP46A2/2018/259/VNP46A2.A2018259.h28v08.001.2020343180254.h5",2018,"259"
"VNP46A2.A2018259.h28v09.001.2020344095641.h5","https://ladsweb.modaps.eosdis.nasa.gov/archive/allData/5000/VNP46A2/2018/259/VNP46A2.A2018259.h28v09.001.2020344095641.h5",2018,"259"
"VNP46A2.A2018259.h28v15.001.2020345191620.h5","https://ladsweb.modaps.eosdis.nasa.gov/archive/allData/5000/VNP46A2/2018/259/VNP46A2.A2018259.h28v15.001.2020345191620.h5",2018,"259"
"VNP46A2.A2018259.h28v16.001.2020346145112.h5","https://ladsweb.modaps.eosdis.nasa.gov/archive/allData/5000/VNP46A2/2018/259/VNP46A2.A2018259.h28v16.001.2020346145112.h5",2018,"259"
"VNP46A2.A2018259.h28v17.001.2020345060611.h5","https://ladsweb.modaps.eosdis.nasa.gov/archive/allData/5000/VNP46A2/2018/259/VNP46A2.A2018259.h28v17.001.2020345060611.h5",2018,"259"
"VNP46A2.A2018259.h29v01.001.2020345070541.h5","https://ladsweb.modaps.eosdis.nasa.gov/archive/allData/5000/VNP46A2/2018/259/VNP46A2.A2018259.h29v01.001.2020345070541.h5",2018,"259"
"VNP46A2.A2018259.h29v02.001.2020346031725.h5","https://ladsweb.modaps.eosdis.nasa.gov/archive/allData/5000/VNP46A2/2018/259/VNP46A2.A2018259.h29v02.001.2020346031725.h5",2018,"259"
"VNP46A2.A2018259.h29v03.001.2020346132255.h5","https://ladsweb.modaps.eosdis.nasa.gov/archive/allData/5000/VNP46A2/2018/259/VNP46A2.A2018259.h29v03.001.2020346132255.h5",2018,"259"
"VNP46A2.A2018259.h29v04.001.2020348115058.h5","https://ladsweb.modaps.eosdis.nasa.gov/archive/allData/5000/VNP46A2/2018/259/VNP46A2.A2018259.h29v04.001.2020348115058.h5",2018,"259"
"VNP46A2.A2018259.h29v05.001.2020347165909.h5","https://ladsweb.modaps.eosdis.nasa.gov/archive/allData/5000/VNP46A2/2018/259/VNP46A2.A2018259.h29v05.001.2020347165909.h5",2018,"259"
"VNP46A2.A2018259.h29v06.001.2020347000218.h5","https://ladsweb.modaps.eosdis.nasa.gov/archive/allData/5000/VNP46A2/2018/259/VNP46A2.A2018259.h29v06.001.2020347000218.h5",2018,"259"
"VNP46A2.A2018259.h29v07.001.2020343053220.h5","https://ladsweb.modaps.eosdis.nasa.gov/archive/allData/5000/VNP46A2/2018/259/VNP46A2.A2018259.h29v07.001.2020343053220.h5",2018,"259"
"VNP46A2.A2018259.h29v08.001.2020343234123.h5","https://ladsweb.modaps.eosdis.nasa.gov/archive/allData/5000/VNP46A2/2018/259/VNP46A2.A2018259.h29v08.001.2020343234123.h5",2018,"259"
"VNP46A2.A2018259.h29v09.001.2020344113541.h5","https://ladsweb.modaps.eosdis.nasa.gov/archive/allData/5000/VNP46A2/2018/259/VNP46A2.A2018259.h29v09.001.2020344113541.h5",2018,"259"
"VNP46A2.A2018259.h29v10.001.2020343053208.h5","https://ladsweb.modaps.eosdis.nasa.gov/archive/allData/5000/VNP46A2/2018/259/VNP46A2.A2018259.h29v10.001.2020343053208.h5",2018,"259"
"VNP46A2.A2018259.h29v11.001.2020345192641.h5","https://ladsweb.modaps.eosdis.nasa.gov/archive/allData/5000/VNP46A2/2018/259/VNP46A2.A2018259.h29v11.001.2020345192641.h5",2018,"259"
"VNP46A2.A2018259.h29v12.001.2020344011615.h5","https://ladsweb.modaps.eosdis.nasa.gov/archive/allData/5000/VNP46A2/2018/259/VNP46A2.A2018259.h29v12.001.2020344011615.h5",2018,"259"
"VNP46A2.A2018259.h29v15.001.2020345172045.h5","https://ladsweb.modaps.eosdis.nasa.gov/archive/allData/5000/VNP46A2/2018/259/VNP46A2.A2018259.h29v15.001.2020345172045.h5",2018,"259"
"VNP46A2.A2018259.h29v16.001.2020346153558.h5","https://ladsweb.modaps.eosdis.nasa.gov/archive/allData/5000/VNP46A2/2018/259/VNP46A2.A2018259.h29v16.001.2020346153558.h5",2018,"259"
"VNP46A2.A2018259.h29v17.001.2020345063122.h5","https://ladsweb.modaps.eosdis.nasa.gov/archive/allData/5000/VNP46A2/2018/259/VNP46A2.A2018259.h29v17.001.2020345063122.h5",2018,"259"
"VNP46A2.A2018259.h30v01.001.2020345054450.h5","https://ladsweb.modaps.eosdis.nasa.gov/archive/allData/5000/VNP46A2/2018/259/VNP46A2.A2018259.h30v01.001.2020345054450.h5",2018,"259"
"VNP46A2.A2018259.h30v02.001.2020346014621.h5","https://ladsweb.modaps.eosdis.nasa.gov/archive/allData/5000/VNP46A2/2018/259/VNP46A2.A2018259.h30v02.001.2020346014621.h5",2018,"259"
"VNP46A2.A2018259.h30v03.001.2020346132404.h5","https://ladsweb.modaps.eosdis.nasa.gov/archive/allData/5000/VNP46A2/2018/259/VNP46A2.A2018259.h30v03.001.2020346132404.h5",2018,"259"
"VNP46A2.A2018259.h30v04.001.2020348045943.h5","https://ladsweb.modaps.eosdis.nasa.gov/archive/allData/5000/VNP46A2/2018/259/VNP46A2.A2018259.h30v04.001.2020348045943.h5",2018,"259"
"VNP46A2.A2018259.h30v05.001.2020344101659.h5","https://ladsweb.modaps.eosdis.nasa.gov/archive/allData/5000/VNP46A2/2018/259/VNP46A2.A2018259.h30v05.001.2020344101659.h5",2018,"259"
"VNP46A2.A2018259.h30v06.001.2020343142930.h5","https://ladsweb.modaps.eosdis.nasa.gov/archive/allData/5000/VNP46A2/2018/259/VNP46A2.A2018259.h30v06.001.2020343142930.h5",2018,"259"
"VNP46A2.A2018259.h30v07.001.2020343093829.h5","https://ladsweb.modaps.eosdis.nasa.gov/archive/allData/5000/VNP46A2/2018/259/VNP46A2.A2018259.h30v07.001.2020343093829.h5",2018,"259"
"VNP46A2.A2018259.h30v08.001.2020343195634.h5","https://ladsweb.modaps.eosdis.nasa.gov/archive/allData/5000/VNP46A2/2018/259/VNP46A2.A2018259.h30v08.001.2020343195634.h5",2018,"259"
"VNP46A2.A2018259.h30v09.001.2020344063237.h5","https://ladsweb.modaps.eosdis.nasa.gov/archive/allData/5000/VNP46A2/2018/259/VNP46A2.A2018259.h30v09.001.2020344063237.h5",2018,"259"
"VNP46A2.A2018259.h30v10.001.2020344215551.h5","https://ladsweb.modaps.eosdis.nasa.gov/archive/allData/5000/VNP46A2/2018/259/VNP46A2.A2018259.h30v10.001.2020344215551.h5",2018,"259"
"VNP46A2.A2018259.h30v11.001.2020349010955.h5","https://ladsweb.modaps.eosdis.nasa.gov/archive/allData/5000/VNP46A2/2018/259/VNP46A2.A2018259.h30v11.001.2020349010955.h5",2018,"259"
"VNP46A2.A2018259.h30v12.001.2020346025433.h5","https://ladsweb.modaps.eosdis.nasa.gov/archive/allData/5000/VNP46A2/2018/259/VNP46A2.A2018259.h30v12.001.2020346025433.h5",2018,"259"
"VNP46A2.A2018259.h30v15.001.2020345163301.h5","https://ladsweb.modaps.eosdis.nasa.gov/archive/allData/5000/VNP46A2/2018/259/VNP46A2.A2018259.h30v15.001.2020345163301.h5",2018,"259"
"VNP46A2.A2018259.h30v16.001.2020346174749.h5","https://ladsweb.modaps.eosdis.nasa.gov/archive/allData/5000/VNP46A2/2018/259/VNP46A2.A2018259.h30v16.001.2020346174749.h5",2018,"259"
"VNP46A2.A2018259.h30v17.001.2020345054148.h5","https://ladsweb.modaps.eosdis.nasa.gov/archive/allData/5000/VNP46A2/2018/259/VNP46A2.A2018259.h30v17.001.2020345054148.h5",2018,"259"
"VNP46A2.A2018259.h31v01.001.2020345063524.h5","https://ladsweb.modaps.eosdis.nasa.gov/archive/allData/5000/VNP46A2/2018/259/VNP46A2.A2018259.h31v01.001.2020345063524.h5",2018,"259"
"VNP46A2.A2018259.h31v02.001.2020346014608.h5","https://ladsweb.modaps.eosdis.nasa.gov/archive/allData/5000/VNP46A2/2018/259/VNP46A2.A2018259.h31v02.001.2020346014608.h5",2018,"259"
"VNP46A2.A2018259.h31v03.001.2020346090050.h5","https://ladsweb.modaps.eosdis.nasa.gov/archive/allData/5000/VNP46A2/2018/259/VNP46A2.A2018259.h31v03.001.2020346090050.h5",2018,"259"
"VNP46A2.A2018259.h31v04.001.2020346020249.h5","https://ladsweb.modaps.eosdis.nasa.gov/archive/allData/5000/VNP46A2/2018/259/VNP46A2.A2018259.h31v04.001.2020346020249.h5",2018,"259"
"VNP46A2.A2018259.h31v05.001.2020344015432.h5","https://ladsweb.modaps.eosdis.nasa.gov/archive/allData/5000/VNP46A2/2018/259/VNP46A2.A2018259.h31v05.001.2020344015432.h5",2018,"259"
"VNP46A2.A2018259.h31v06.001.2020343053205.h5","https://ladsweb.modaps.eosdis.nasa.gov/archive/allData/5000/VNP46A2/2018/259/VNP46A2.A2018259.h31v06.001.2020343053205.h5",2018,"259"
"VNP46A2.A2018259.h31v08.001.2020343053238.h5","https://ladsweb.modaps.eosdis.nasa.gov/archive/allData/5000/VNP46A2/2018/259/VNP46A2.A2018259.h31v08.001.2020343053238.h5",2018,"259"
"VNP46A2.A2018259.h31v09.001.2020344104553.h5","https://ladsweb.modaps.eosdis.nasa.gov/archive/allData/5000/VNP46A2/2018/259/VNP46A2.A2018259.h31v09.001.2020344104553.h5",2018,"259"
"VNP46A2.A2018259.h31v10.001.2020346224710.h5","https://ladsweb.modaps.eosdis.nasa.gov/archive/allData/5000/VNP46A2/2018/259/VNP46A2.A2018259.h31v10.001.2020346224710.h5",2018,"259"
"VNP46A2.A2018259.h31v11.001.2020349003125.h5","https://ladsweb.modaps.eosdis.nasa.gov/archive/allData/5000/VNP46A2/2018/259/VNP46A2.A2018259.h31v11.001.2020349003125.h5",2018,"259"
"VNP46A2.A2018259.h31v12.001.2020346173735.h5","https://ladsweb.modaps.eosdis.nasa.gov/archive/allData/5000/VNP46A2/2018/259/VNP46A2.A2018259.h31v12.001.2020346173735.h5",2018,"259"
"VNP46A2.A2018259.h31v15.001.2020345191528.h5","https://ladsweb.modaps.eosdis.nasa.gov/archive/allData/5000/VNP46A2/2018/259/VNP46A2.A2018259.h31v15.001.2020345191528.h5",2018,"259"
"VNP46A2.A2018259.h31v16.001.2020346190840.h5","https://ladsweb.modaps.eosdis.nasa.gov/archive/allData/5000/VNP46A2/2018/259/VNP46A2.A2018259.h31v16.001.2020346190840.h5",2018,"259"
"VNP46A2.A2018259.h31v17.001.2020345050845.h5","https://ladsweb.modaps.eosdis.nasa.gov/archive/allData/5000/VNP46A2/2018/259/VNP46A2.A2018259.h31v17.001.2020345050845.h5",2018,"259"
"VNP46A2.A2018259.h32v01.001.2020345073349.h5","https://ladsweb.modaps.eosdis.nasa.gov/archive/allData/5000/VNP46A2/2018/259/VNP46A2.A2018259.h32v01.001.2020345073349.h5",2018,"259"
"VNP46A2.A2018259.h32v02.001.2020346005915.h5","https://ladsweb.modaps.eosdis.nasa.gov/archive/allData/5000/VNP46A2/2018/259/VNP46A2.A2018259.h32v02.001.2020346005915.h5",2018,"259"
"VNP46A2.A2018259.h32v03.001.2020345160622.h5","https://ladsweb.modaps.eosdis.nasa.gov/archive/allData/5000/VNP46A2/2018/259/VNP46A2.A2018259.h32v03.001.2020345160622.h5",2018,"259"
"VNP46A2.A2018259.h32v04.001.2020343220840.h5","https://ladsweb.modaps.eosdis.nasa.gov/archive/allData/5000/VNP46A2/2018/259/VNP46A2.A2018259.h32v04.001.2020343220840.h5",2018,"259"
"VNP46A2.A2018259.h32v05.001.2020343054642.h5","https://ladsweb.modaps.eosdis.nasa.gov/archive/allData/5000/VNP46A2/2018/259/VNP46A2.A2018259.h32v05.001.2020343054642.h5",2018,"259"
"VNP46A2.A2018259.h32v07.001.2020343053233.h5","https://ladsweb.modaps.eosdis.nasa.gov/archive/allData/5000/VNP46A2/2018/259/VNP46A2.A2018259.h32v07.001.2020343053233.h5",2018,"259"
"VNP46A2.A2018259.h32v08.001.2020343053234.h5","https://ladsweb.modaps.eosdis.nasa.gov/archive/allData/5000/VNP46A2/2018/259/VNP46A2.A2018259.h32v08.001.2020343053234.h5",2018,"259"
"VNP46A2.A2018259.h32v09.001.2020344100926.h5","https://ladsweb.modaps.eosdis.nasa.gov/archive/allData/5000/VNP46A2/2018/259/VNP46A2.A2018259.h32v09.001.2020344100926.h5",2018,"259"
"VNP46A2.A2018259.h32v10.001.2020344100950.h5","https://ladsweb.modaps.eosdis.nasa.gov/archive/allData/5000/VNP46A2/2018/259/VNP46A2.A2018259.h32v10.001.2020344100950.h5",2018,"259"
"VNP46A2.A2018259.h32v11.001.2020348225608.h5","https://ladsweb.modaps.eosdis.nasa.gov/archive/allData/5000/VNP46A2/2018/259/VNP46A2.A2018259.h32v11.001.2020348225608.h5",2018,"259"
"VNP46A2.A2018259.h32v12.001.2020348130021.h5","https://ladsweb.modaps.eosdis.nasa.gov/archive/allData/5000/VNP46A2/2018/259/VNP46A2.A2018259.h32v12.001.2020348130021.h5",2018,"259"
"VNP46A2.A2018259.h32v13.001.2020343142259.h5","https://ladsweb.modaps.eosdis.nasa.gov/archive/allData/5000/VNP46A2/2018/259/VNP46A2.A2018259.h32v13.001.2020343142259.h5",2018,"259"
"VNP46A2.A2018259.h32v15.001.2020345111248.h5","https://ladsweb.modaps.eosdis.nasa.gov/archive/allData/5000/VNP46A2/2018/259/VNP46A2.A2018259.h32v15.001.2020345111248.h5",2018,"259"
"VNP46A2.A2018259.h32v16.001.2020346184146.h5","https://ladsweb.modaps.eosdis.nasa.gov/archive/allData/5000/VNP46A2/2018/259/VNP46A2.A2018259.h32v16.001.2020346184146.h5",2018,"259"
"VNP46A2.A2018259.h32v17.001.2020345063129.h5","https://ladsweb.modaps.eosdis.nasa.gov/archive/allData/5000/VNP46A2/2018/259/VNP46A2.A2018259.h32v17.001.2020345063129.h5",2018,"259"
"VNP46A2.A2018259.h33v01.001.2020345054611.h5","https://ladsweb.modaps.eosdis.nasa.gov/archive/allData/5000/VNP46A2/2018/259/VNP46A2.A2018259.h33v01.001.2020345054611.h5",2018,"259"
"VNP46A2.A2018259.h33v02.001.2020346005724.h5","https://ladsweb.modaps.eosdis.nasa.gov/archive/allData/5000/VNP46A2/2018/259/VNP46A2.A2018259.h33v02.001.2020346005724.h5",2018,"259"
"VNP46A2.A2018259.h33v03.001.2020345160613.h5","https://ladsweb.modaps.eosdis.nasa.gov/archive/allData/5000/VNP46A2/2018/259/VNP46A2.A2018259.h33v03.001.2020345160613.h5",2018,"259"
"VNP46A2.A2018259.h33v04.001.2020343053650.h5","https://ladsweb.modaps.eosdis.nasa.gov/archive/allData/5000/VNP46A2/2018/259/VNP46A2.A2018259.h33v04.001.2020343053650.h5",2018,"259"
"VNP46A2.A2018259.h33v08.001.2020343053246.h5","https://ladsweb.modaps.eosdis.nasa.gov/archive/allData/5000/VNP46A2/2018/259/VNP46A2.A2018259.h33v08.001.2020343053246.h5",2018,"259"
"VNP46A2.A2018259.h33v09.001.2020343141612.h5","https://ladsweb.modaps.eosdis.nasa.gov/archive/allData/5000/VNP46A2/2018/259/VNP46A2.A2018259.h33v09.001.2020343141612.h5",2018,"259"
"VNP46A2.A2018259.h33v10.001.2020343090036.h5","https://ladsweb.modaps.eosdis.nasa.gov/archive/allData/5000/VNP46A2/2018/259/VNP46A2.A2018259.h33v10.001.2020343090036.h5",2018,"259"
"VNP46A2.A2018259.h33v11.001.2020343143805.h5","https://ladsweb.modaps.eosdis.nasa.gov/archive/allData/5000/VNP46A2/2018/259/VNP46A2.A2018259.h33v11.001.2020343143805.h5",2018,"259"
"VNP46A2.A2018259.h33v12.001.2020343123959.h5","https://ladsweb.modaps.eosdis.nasa.gov/archive/allData/5000/VNP46A2/2018/259/VNP46A2.A2018259.h33v12.001.2020343123959.h5",2018,"259"
"VNP46A2.A2018259.h33v15.001.2020345070357.h5","https://ladsweb.modaps.eosdis.nasa.gov/archive/allData/5000/VNP46A2/2018/259/VNP46A2.A2018259.h33v15.001.2020345070357.h5",2018,"259"
"VNP46A2.A2018259.h33v16.001.2020346231833.h5","https://ladsweb.modaps.eosdis.nasa.gov/archive/allData/5000/VNP46A2/2018/259/VNP46A2.A2018259.h33v16.001.2020346231833.h5",2018,"259"
"VNP46A2.A2018259.h33v17.001.2020345060615.h5","https://ladsweb.modaps.eosdis.nasa.gov/archive/allData/5000/VNP46A2/2018/259/VNP46A2.A2018259.h33v17.001.2020345060615.h5",2018,"259"
"VNP46A2.A2018259.h34v02.001.2020346001321.h5","https://ladsweb.modaps.eosdis.nasa.gov/archive/allData/5000/VNP46A2/2018/259/VNP46A2.A2018259.h34v02.001.2020346001321.h5",2018,"259"
"VNP46A2.A2018259.h34v03.001.2020345092137.h5","https://ladsweb.modaps.eosdis.nasa.gov/archive/allData/5000/VNP46A2/2018/259/VNP46A2.A2018259.h34v03.001.2020345092137.h5",2018,"259"
"VNP46A2.A2018259.h34v07.001.2020343053223.h5","https://ladsweb.modaps.eosdis.nasa.gov/archive/allData/5000/VNP46A2/2018/259/VNP46A2.A2018259.h34v07.001.2020343053223.h5",2018,"259"
"VNP46A2.A2018259.h34v08.001.2020343053203.h5","https://ladsweb.modaps.eosdis.nasa.gov/archive/allData/5000/VNP46A2/2018/259/VNP46A2.A2018259.h34v08.001.2020343053203.h5",2018,"259"
"VNP46A2.A2018259.h34v09.001.2020343053211.h5","https://ladsweb.modaps.eosdis.nasa.gov/archive/allData/5000/VNP46A2/2018/259/VNP46A2.A2018259.h34v09.001.2020343053211.h5",2018,"259"
"VNP46A2.A2018259.h34v10.001.2020343070732.h5","https://ladsweb.modaps.eosdis.nasa.gov/archive/allData/5000/VNP46A2/2018/259/VNP46A2.A2018259.h34v10.001.2020343070732.h5",2018,"259"
"VNP46A2.A2018259.h34v11.001.2020343113959.h5","https://ladsweb.modaps.eosdis.nasa.gov/archive/allData/5000/VNP46A2/2018/259/VNP46A2.A2018259.h34v11.001.2020343113959.h5",2018,"259"
"VNP46A2.A2018259.h34v13.001.2020343081139.h5","https://ladsweb.modaps.eosdis.nasa.gov/archive/allData/5000/VNP46A2/2018/259/VNP46A2.A2018259.h34v13.001.2020343081139.h5",2018,"259"
"VNP46A2.A2018259.h34v14.001.2020343053318.h5","https://ladsweb.modaps.eosdis.nasa.gov/archive/allData/5000/VNP46A2/2018/259/VNP46A2.A2018259.h34v14.001.2020343053318.h5",2018,"259"
"VNP46A2.A2018259.h34v15.001.2020345070348.h5","https://ladsweb.modaps.eosdis.nasa.gov/archive/allData/5000/VNP46A2/2018/259/VNP46A2.A2018259.h34v15.001.2020345070348.h5",2018,"259"
"VNP46A2.A2018259.h34v16.001.2020345221107.h5","https://ladsweb.modaps.eosdis.nasa.gov/archive/allData/5000/VNP46A2/2018/259/VNP46A2.A2018259.h34v16.001.2020345221107.h5",2018,"259"
"VNP46A2.A2018259.h34v17.001.2020345060556.h5","https://ladsweb.modaps.eosdis.nasa.gov/archive/allData/5000/VNP46A2/2018/259/VNP46A2.A2018259.h34v17.001.2020345060556.h5",2018,"259"
"VNP46A2.A2018259.h35v01.001.2020345070518.h5","https://ladsweb.modaps.eosdis.nasa.gov/archive/allData/5000/VNP46A2/2018/259/VNP46A2.A2018259.h35v01.001.2020345070518.h5",2018,"259"
"VNP46A2.A2018259.h35v02.001.2020345200646.h5","https://ladsweb.modaps.eosdis.nasa.gov/archive/allData/5000/VNP46A2/2018/259/VNP46A2.A2018259.h35v02.001.2020345200646.h5",2018,"259"
"VNP46A2.A2018259.h35v03.001.2020345060703.h5","https://ladsweb.modaps.eosdis.nasa.gov/archive/allData/5000/VNP46A2/2018/259/VNP46A2.A2018259.h35v03.001.2020345060703.h5",2018,"259"
"VNP46A2.A2018259.h35v08.001.2020343053148.h5","https://ladsweb.modaps.eosdis.nasa.gov/archive/allData/5000/VNP46A2/2018/259/VNP46A2.A2018259.h35v08.001.2020343053148.h5",2018,"259"
"VNP46A2.A2018259.h35v09.001.2020343053246.h5","https://ladsweb.modaps.eosdis.nasa.gov/archive/allData/5000/VNP46A2/2018/259/VNP46A2.A2018259.h35v09.001.2020343053246.h5",2018,"259"
"VNP46A2.A2018259.h35v10.001.2020343053158.h5","https://ladsweb.modaps.eosdis.nasa.gov/archive/allData/5000/VNP46A2/2018/259/VNP46A2.A2018259.h35v10.001.2020343053158.h5",2018,"259"
"VNP46A2.A2018259.h35v11.001.2020343053249.h5","https://ladsweb.modaps.eosdis.nasa.gov/archive/allData/5000/VNP46A2/2018/259/VNP46A2.A2018259.h35v11.001.2020343053249.h5",2018,"259"
"VNP46A2.A2018259.h35v12.001.2020343092151.h5","https://ladsweb.modaps.eosdis.nasa.gov/archive/allData/5000/VNP46A2/2018/259/VNP46A2.A2018259.h35v12.001.2020343092151.h5",2018,"259"
"VNP46A2.A2018259.h35v13.001.2020343202743.h5","https://ladsweb.modaps.eosdis.nasa.gov/archive/allData/5000/VNP46A2/2018/259/VNP46A2.A2018259.h35v13.001.2020343202743.h5",2018,"259"
"VNP46A2.A2018259.h35v15.001.2020345050901.h5","https://ladsweb.modaps.eosdis.nasa.gov/archive/allData/5000/VNP46A2/2018/259/VNP46A2.A2018259.h35v15.001.2020345050901.h5",2018,"259"
"VNP46A2.A2018259.h35v16.001.2020345073154.h5","https://ladsweb.modaps.eosdis.nasa.gov/archive/allData/5000/VNP46A2/2018/259/VNP46A2.A2018259.h35v16.001.2020345073154.h5",2018,"259"
"VNP46A2.A2018259.h35v17.001.2020345050740.h5","https://ladsweb.modaps.eosdis.nasa.gov/archive/allData/5000/VNP46A2/2018/259/VNP46A2.A2018259.h35v17.001.2020345050740.h5",2018,"259"
