"name","downloadsLink","year","day"
"VNP46A2.A2012334.h00v01.001.2020112201326.h5","https://ladsweb.modaps.eosdis.nasa.gov/archive/allData/5000/VNP46A2/2012/334/VNP46A2.A2012334.h00v01.001.2020112201326.h5",2012,"334"
"VNP46A2.A2012334.h00v02.001.2020112180337.h5","https://ladsweb.modaps.eosdis.nasa.gov/archive/allData/5000/VNP46A2/2012/334/VNP46A2.A2012334.h00v02.001.2020112180337.h5",2012,"334"
"VNP46A2.A2012334.h00v03.001.2020112173402.h5","https://ladsweb.modaps.eosdis.nasa.gov/archive/allData/5000/VNP46A2/2012/334/VNP46A2.A2012334.h00v03.001.2020112173402.h5",2012,"334"
"VNP46A2.A2012334.h00v06.001.2020112163114.h5","https://ladsweb.modaps.eosdis.nasa.gov/archive/allData/5000/VNP46A2/2012/334/VNP46A2.A2012334.h00v06.001.2020112163114.h5",2012,"334"
"VNP46A2.A2012334.h00v09.001.2020107212550.h5","https://ladsweb.modaps.eosdis.nasa.gov/archive/allData/5000/VNP46A2/2012/334/VNP46A2.A2012334.h00v09.001.2020107212550.h5",2012,"334"
"VNP46A2.A2012334.h00v10.001.2020107211341.h5","https://ladsweb.modaps.eosdis.nasa.gov/archive/allData/5000/VNP46A2/2012/334/VNP46A2.A2012334.h00v10.001.2020107211341.h5",2012,"334"
"VNP46A2.A2012334.h00v11.001.2020112195319.h5","https://ladsweb.modaps.eosdis.nasa.gov/archive/allData/5000/VNP46A2/2012/334/VNP46A2.A2012334.h00v11.001.2020112195319.h5",2012,"334"
"VNP46A2.A2012334.h00v13.001.2020112171636.h5","https://ladsweb.modaps.eosdis.nasa.gov/archive/allData/5000/VNP46A2/2012/334/VNP46A2.A2012334.h00v13.001.2020112171636.h5",2012,"334"
"VNP46A2.A2012334.h00v14.001.2020107204337.h5","https://ladsweb.modaps.eosdis.nasa.gov/archive/allData/5000/VNP46A2/2012/334/VNP46A2.A2012334.h00v14.001.2020107204337.h5",2012,"334"
"VNP46A2.A2012334.h00v15.001.2020112190139.h5","https://ladsweb.modaps.eosdis.nasa.gov/archive/allData/5000/VNP46A2/2012/334/VNP46A2.A2012334.h00v15.001.2020112190139.h5",2012,"334"
"VNP46A2.A2012334.h01v02.001.2020112205205.h5","https://ladsweb.modaps.eosdis.nasa.gov/archive/allData/5000/VNP46A2/2012/334/VNP46A2.A2012334.h01v02.001.2020112205205.h5",2012,"334"
"VNP46A2.A2012334.h01v03.001.2020112210144.h5","https://ladsweb.modaps.eosdis.nasa.gov/archive/allData/5000/VNP46A2/2012/334/VNP46A2.A2012334.h01v03.001.2020112210144.h5",2012,"334"
"VNP46A2.A2012334.h01v06.001.2020107203126.h5","https://ladsweb.modaps.eosdis.nasa.gov/archive/allData/5000/VNP46A2/2012/334/VNP46A2.A2012334.h01v06.001.2020107203126.h5",2012,"334"
"VNP46A2.A2012334.h01v08.001.2020112195042.h5","https://ladsweb.modaps.eosdis.nasa.gov/archive/allData/5000/VNP46A2/2012/334/VNP46A2.A2012334.h01v08.001.2020112195042.h5",2012,"334"
"VNP46A2.A2012334.h02v01.001.2020112175040.h5","https://ladsweb.modaps.eosdis.nasa.gov/archive/allData/5000/VNP46A2/2012/334/VNP46A2.A2012334.h02v01.001.2020112175040.h5",2012,"334"
"VNP46A2.A2012334.h02v02.001.2020112210212.h5","https://ladsweb.modaps.eosdis.nasa.gov/archive/allData/5000/VNP46A2/2012/334/VNP46A2.A2012334.h02v02.001.2020112210212.h5",2012,"334"
"VNP46A2.A2012334.h02v03.001.2020112180618.h5","https://ladsweb.modaps.eosdis.nasa.gov/archive/allData/5000/VNP46A2/2012/334/VNP46A2.A2012334.h02v03.001.2020112180618.h5",2012,"334"
"VNP46A2.A2012334.h02v06.001.2020112171606.h5","https://ladsweb.modaps.eosdis.nasa.gov/archive/allData/5000/VNP46A2/2012/334/VNP46A2.A2012334.h02v06.001.2020112171606.h5",2012,"334"
"VNP46A2.A2012334.h02v07.001.2020107212223.h5","https://ladsweb.modaps.eosdis.nasa.gov/archive/allData/5000/VNP46A2/2012/334/VNP46A2.A2012334.h02v07.001.2020107212223.h5",2012,"334"
"VNP46A2.A2012334.h02v08.001.2020112181541.h5","https://ladsweb.modaps.eosdis.nasa.gov/archive/allData/5000/VNP46A2/2012/334/VNP46A2.A2012334.h02v08.001.2020112181541.h5",2012,"334"
"VNP46A2.A2012334.h02v10.001.2020113030030.h5","https://ladsweb.modaps.eosdis.nasa.gov/archive/allData/5000/VNP46A2/2012/334/VNP46A2.A2012334.h02v10.001.2020113030030.h5",2012,"334"
"VNP46A2.A2012334.h03v02.001.2020112231255.h5","https://ladsweb.modaps.eosdis.nasa.gov/archive/allData/5000/VNP46A2/2012/334/VNP46A2.A2012334.h03v02.001.2020112231255.h5",2012,"334"
"VNP46A2.A2012334.h03v03.001.2020112201304.h5","https://ladsweb.modaps.eosdis.nasa.gov/archive/allData/5000/VNP46A2/2012/334/VNP46A2.A2012334.h03v03.001.2020112201304.h5",2012,"334"
"VNP46A2.A2012334.h03v09.001.2020112165503.h5","https://ladsweb.modaps.eosdis.nasa.gov/archive/allData/5000/VNP46A2/2012/334/VNP46A2.A2012334.h03v09.001.2020112165503.h5",2012,"334"
"VNP46A2.A2012334.h03v10.001.2020112175724.h5","https://ladsweb.modaps.eosdis.nasa.gov/archive/allData/5000/VNP46A2/2012/334/VNP46A2.A2012334.h03v10.001.2020112175724.h5",2012,"334"
"VNP46A2.A2012334.h03v11.001.2020112171922.h5","https://ladsweb.modaps.eosdis.nasa.gov/archive/allData/5000/VNP46A2/2012/334/VNP46A2.A2012334.h03v11.001.2020112171922.h5",2012,"334"
"VNP46A2.A2012334.h04v02.001.2020107225604.h5","https://ladsweb.modaps.eosdis.nasa.gov/archive/allData/5000/VNP46A2/2012/334/VNP46A2.A2012334.h04v02.001.2020107225604.h5",2012,"334"
"VNP46A2.A2012334.h04v03.001.2020112184557.h5","https://ladsweb.modaps.eosdis.nasa.gov/archive/allData/5000/VNP46A2/2012/334/VNP46A2.A2012334.h04v03.001.2020112184557.h5",2012,"334"
"VNP46A2.A2012334.h04v09.001.2020112203537.h5","https://ladsweb.modaps.eosdis.nasa.gov/archive/allData/5000/VNP46A2/2012/334/VNP46A2.A2012334.h04v09.001.2020112203537.h5",2012,"334"
"VNP46A2.A2012334.h04v10.001.2020107191146.h5","https://ladsweb.modaps.eosdis.nasa.gov/archive/allData/5000/VNP46A2/2012/334/VNP46A2.A2012334.h04v10.001.2020107191146.h5",2012,"334"
"VNP46A2.A2012334.h04v11.001.2020112180834.h5","https://ladsweb.modaps.eosdis.nasa.gov/archive/allData/5000/VNP46A2/2012/334/VNP46A2.A2012334.h04v11.001.2020112180834.h5",2012,"334"
"VNP46A2.A2012334.h05v01.001.2020107221114.h5","https://ladsweb.modaps.eosdis.nasa.gov/archive/allData/5000/VNP46A2/2012/334/VNP46A2.A2012334.h05v01.001.2020107221114.h5",2012,"334"
"VNP46A2.A2012334.h05v02.001.2020108002007.h5","https://ladsweb.modaps.eosdis.nasa.gov/archive/allData/5000/VNP46A2/2012/334/VNP46A2.A2012334.h05v02.001.2020108002007.h5",2012,"334"
"VNP46A2.A2012334.h05v03.001.2020112230927.h5","https://ladsweb.modaps.eosdis.nasa.gov/archive/allData/5000/VNP46A2/2012/334/VNP46A2.A2012334.h05v03.001.2020112230927.h5",2012,"334"
"VNP46A2.A2012334.h05v04.001.2020112210834.h5","https://ladsweb.modaps.eosdis.nasa.gov/archive/allData/5000/VNP46A2/2012/334/VNP46A2.A2012334.h05v04.001.2020112210834.h5",2012,"334"
"VNP46A2.A2012334.h05v05.001.2020112183747.h5","https://ladsweb.modaps.eosdis.nasa.gov/archive/allData/5000/VNP46A2/2012/334/VNP46A2.A2012334.h05v05.001.2020112183747.h5",2012,"334"
"VNP46A2.A2012334.h06v01.001.2020112201118.h5","https://ladsweb.modaps.eosdis.nasa.gov/archive/allData/5000/VNP46A2/2012/334/VNP46A2.A2012334.h06v01.001.2020112201118.h5",2012,"334"
"VNP46A2.A2012334.h06v02.001.2020112223841.h5","https://ladsweb.modaps.eosdis.nasa.gov/archive/allData/5000/VNP46A2/2012/334/VNP46A2.A2012334.h06v02.001.2020112223841.h5",2012,"334"
"VNP46A2.A2012334.h06v03.001.2020112215812.h5","https://ladsweb.modaps.eosdis.nasa.gov/archive/allData/5000/VNP46A2/2012/334/VNP46A2.A2012334.h06v03.001.2020112215812.h5",2012,"334"
"VNP46A2.A2012334.h06v04.001.2020112214336.h5","https://ladsweb.modaps.eosdis.nasa.gov/archive/allData/5000/VNP46A2/2012/334/VNP46A2.A2012334.h06v04.001.2020112214336.h5",2012,"334"
"VNP46A2.A2012334.h06v05.001.2020112214759.h5","https://ladsweb.modaps.eosdis.nasa.gov/archive/allData/5000/VNP46A2/2012/334/VNP46A2.A2012334.h06v05.001.2020112214759.h5",2012,"334"
"VNP46A2.A2012334.h06v06.001.2020107213302.h5","https://ladsweb.modaps.eosdis.nasa.gov/archive/allData/5000/VNP46A2/2012/334/VNP46A2.A2012334.h06v06.001.2020107213302.h5",2012,"334"
"VNP46A2.A2012334.h07v01.001.2020112180607.h5","https://ladsweb.modaps.eosdis.nasa.gov/archive/allData/5000/VNP46A2/2012/334/VNP46A2.A2012334.h07v01.001.2020112180607.h5",2012,"334"
"VNP46A2.A2012334.h07v02.001.2020107232701.h5","https://ladsweb.modaps.eosdis.nasa.gov/archive/allData/5000/VNP46A2/2012/334/VNP46A2.A2012334.h07v02.001.2020107232701.h5",2012,"334"
"VNP46A2.A2012334.h07v03.001.2020108011333.h5","https://ladsweb.modaps.eosdis.nasa.gov/archive/allData/5000/VNP46A2/2012/334/VNP46A2.A2012334.h07v03.001.2020108011333.h5",2012,"334"
"VNP46A2.A2012334.h07v04.001.2020108004119.h5","https://ladsweb.modaps.eosdis.nasa.gov/archive/allData/5000/VNP46A2/2012/334/VNP46A2.A2012334.h07v04.001.2020108004119.h5",2012,"334"
"VNP46A2.A2012334.h07v05.001.2020112225551.h5","https://ladsweb.modaps.eosdis.nasa.gov/archive/allData/5000/VNP46A2/2012/334/VNP46A2.A2012334.h07v05.001.2020112225551.h5",2012,"334"
"VNP46A2.A2012334.h07v06.001.2020112230654.h5","https://ladsweb.modaps.eosdis.nasa.gov/archive/allData/5000/VNP46A2/2012/334/VNP46A2.A2012334.h07v06.001.2020112230654.h5",2012,"334"
"VNP46A2.A2012334.h07v07.001.2020112202757.h5","https://ladsweb.modaps.eosdis.nasa.gov/archive/allData/5000/VNP46A2/2012/334/VNP46A2.A2012334.h07v07.001.2020112202757.h5",2012,"334"
"VNP46A2.A2012334.h08v01.001.2020112184554.h5","https://ladsweb.modaps.eosdis.nasa.gov/archive/allData/5000/VNP46A2/2012/334/VNP46A2.A2012334.h08v01.001.2020112184554.h5",2012,"334"
"VNP46A2.A2012334.h08v02.001.2020112214400.h5","https://ladsweb.modaps.eosdis.nasa.gov/archive/allData/5000/VNP46A2/2012/334/VNP46A2.A2012334.h08v02.001.2020112214400.h5",2012,"334"
"VNP46A2.A2012334.h08v03.001.2020112211039.h5","https://ladsweb.modaps.eosdis.nasa.gov/archive/allData/5000/VNP46A2/2012/334/VNP46A2.A2012334.h08v03.001.2020112211039.h5",2012,"334"
"VNP46A2.A2012334.h08v04.001.2020112221916.h5","https://ladsweb.modaps.eosdis.nasa.gov/archive/allData/5000/VNP46A2/2012/334/VNP46A2.A2012334.h08v04.001.2020112221916.h5",2012,"334"
"VNP46A2.A2012334.h08v05.001.2020112222256.h5","https://ladsweb.modaps.eosdis.nasa.gov/archive/allData/5000/VNP46A2/2012/334/VNP46A2.A2012334.h08v05.001.2020112222256.h5",2012,"334"
"VNP46A2.A2012334.h08v06.001.2020108001316.h5","https://ladsweb.modaps.eosdis.nasa.gov/archive/allData/5000/VNP46A2/2012/334/VNP46A2.A2012334.h08v06.001.2020108001316.h5",2012,"334"
"VNP46A2.A2012334.h08v07.001.2020112200734.h5","https://ladsweb.modaps.eosdis.nasa.gov/archive/allData/5000/VNP46A2/2012/334/VNP46A2.A2012334.h08v07.001.2020112200734.h5",2012,"334"
"VNP46A2.A2012334.h08v08.001.2020112180830.h5","https://ladsweb.modaps.eosdis.nasa.gov/archive/allData/5000/VNP46A2/2012/334/VNP46A2.A2012334.h08v08.001.2020112180830.h5",2012,"334"
"VNP46A2.A2012334.h08v09.001.2020112182004.h5","https://ladsweb.modaps.eosdis.nasa.gov/archive/allData/5000/VNP46A2/2012/334/VNP46A2.A2012334.h08v09.001.2020112182004.h5",2012,"334"
"VNP46A2.A2012334.h09v01.001.2020112200802.h5","https://ladsweb.modaps.eosdis.nasa.gov/archive/allData/5000/VNP46A2/2012/334/VNP46A2.A2012334.h09v01.001.2020112200802.h5",2012,"334"
"VNP46A2.A2012334.h09v02.001.2020112172846.h5","https://ladsweb.modaps.eosdis.nasa.gov/archive/allData/5000/VNP46A2/2012/334/VNP46A2.A2012334.h09v02.001.2020112172846.h5",2012,"334"
"VNP46A2.A2012334.h09v03.001.2020112213313.h5","https://ladsweb.modaps.eosdis.nasa.gov/archive/allData/5000/VNP46A2/2012/334/VNP46A2.A2012334.h09v03.001.2020112213313.h5",2012,"334"
"VNP46A2.A2012334.h09v04.001.2020112163313.h5","https://ladsweb.modaps.eosdis.nasa.gov/archive/allData/5000/VNP46A2/2012/334/VNP46A2.A2012334.h09v04.001.2020112163313.h5",2012,"334"
"VNP46A2.A2012334.h09v05.001.2020112213612.h5","https://ladsweb.modaps.eosdis.nasa.gov/archive/allData/5000/VNP46A2/2012/334/VNP46A2.A2012334.h09v05.001.2020112213612.h5",2012,"334"
"VNP46A2.A2012334.h09v06.001.2020112182430.h5","https://ladsweb.modaps.eosdis.nasa.gov/archive/allData/5000/VNP46A2/2012/334/VNP46A2.A2012334.h09v06.001.2020112182430.h5",2012,"334"
"VNP46A2.A2012334.h09v07.001.2020112201654.h5","https://ladsweb.modaps.eosdis.nasa.gov/archive/allData/5000/VNP46A2/2012/334/VNP46A2.A2012334.h09v07.001.2020112201654.h5",2012,"334"
"VNP46A2.A2012334.h09v08.001.2020112182024.h5","https://ladsweb.modaps.eosdis.nasa.gov/archive/allData/5000/VNP46A2/2012/334/VNP46A2.A2012334.h09v08.001.2020112182024.h5",2012,"334"
"VNP46A2.A2012334.h09v09.001.2020112163953.h5","https://ladsweb.modaps.eosdis.nasa.gov/archive/allData/5000/VNP46A2/2012/334/VNP46A2.A2012334.h09v09.001.2020112163953.h5",2012,"334"
"VNP46A2.A2012334.h10v01.001.2020107214527.h5","https://ladsweb.modaps.eosdis.nasa.gov/archive/allData/5000/VNP46A2/2012/334/VNP46A2.A2012334.h10v01.001.2020107214527.h5",2012,"334"
"VNP46A2.A2012334.h10v02.001.2020112210212.h5","https://ladsweb.modaps.eosdis.nasa.gov/archive/allData/5000/VNP46A2/2012/334/VNP46A2.A2012334.h10v02.001.2020112210212.h5",2012,"334"
"VNP46A2.A2012334.h10v03.001.2020112213546.h5","https://ladsweb.modaps.eosdis.nasa.gov/archive/allData/5000/VNP46A2/2012/334/VNP46A2.A2012334.h10v03.001.2020112213546.h5",2012,"334"
"VNP46A2.A2012334.h10v04.001.2020108010013.h5","https://ladsweb.modaps.eosdis.nasa.gov/archive/allData/5000/VNP46A2/2012/334/VNP46A2.A2012334.h10v04.001.2020108010013.h5",2012,"334"
"VNP46A2.A2012334.h10v05.001.2020107231008.h5","https://ladsweb.modaps.eosdis.nasa.gov/archive/allData/5000/VNP46A2/2012/334/VNP46A2.A2012334.h10v05.001.2020107231008.h5",2012,"334"
"VNP46A2.A2012334.h10v06.001.2020112171547.h5","https://ladsweb.modaps.eosdis.nasa.gov/archive/allData/5000/VNP46A2/2012/334/VNP46A2.A2012334.h10v06.001.2020112171547.h5",2012,"334"
"VNP46A2.A2012334.h10v07.001.2020112183952.h5","https://ladsweb.modaps.eosdis.nasa.gov/archive/allData/5000/VNP46A2/2012/334/VNP46A2.A2012334.h10v07.001.2020112183952.h5",2012,"334"
"VNP46A2.A2012334.h10v08.001.2020112213811.h5","https://ladsweb.modaps.eosdis.nasa.gov/archive/allData/5000/VNP46A2/2012/334/VNP46A2.A2012334.h10v08.001.2020112213811.h5",2012,"334"
"VNP46A2.A2012334.h10v09.001.2020108011138.h5","https://ladsweb.modaps.eosdis.nasa.gov/archive/allData/5000/VNP46A2/2012/334/VNP46A2.A2012334.h10v09.001.2020108011138.h5",2012,"334"
"VNP46A2.A2012334.h10v10.001.2020112211733.h5","https://ladsweb.modaps.eosdis.nasa.gov/archive/allData/5000/VNP46A2/2012/334/VNP46A2.A2012334.h10v10.001.2020112211733.h5",2012,"334"
"VNP46A2.A2012334.h10v11.001.2020112171759.h5","https://ladsweb.modaps.eosdis.nasa.gov/archive/allData/5000/VNP46A2/2012/334/VNP46A2.A2012334.h10v11.001.2020112171759.h5",2012,"334"
"VNP46A2.A2012334.h10v12.001.2020112204730.h5","https://ladsweb.modaps.eosdis.nasa.gov/archive/allData/5000/VNP46A2/2012/334/VNP46A2.A2012334.h10v12.001.2020112204730.h5",2012,"334"
"VNP46A2.A2012334.h10v13.001.2020112201754.h5","https://ladsweb.modaps.eosdis.nasa.gov/archive/allData/5000/VNP46A2/2012/334/VNP46A2.A2012334.h10v13.001.2020112201754.h5",2012,"334"
"VNP46A2.A2012334.h10v14.001.2020112181614.h5","https://ladsweb.modaps.eosdis.nasa.gov/archive/allData/5000/VNP46A2/2012/334/VNP46A2.A2012334.h10v14.001.2020112181614.h5",2012,"334"
"VNP46A2.A2012334.h10v15.001.2020112203047.h5","https://ladsweb.modaps.eosdis.nasa.gov/archive/allData/5000/VNP46A2/2012/334/VNP46A2.A2012334.h10v15.001.2020112203047.h5",2012,"334"
"VNP46A2.A2012334.h11v01.001.2020112182006.h5","https://ladsweb.modaps.eosdis.nasa.gov/archive/allData/5000/VNP46A2/2012/334/VNP46A2.A2012334.h11v01.001.2020112182006.h5",2012,"334"
"VNP46A2.A2012334.h11v02.001.2020107222945.h5","https://ladsweb.modaps.eosdis.nasa.gov/archive/allData/5000/VNP46A2/2012/334/VNP46A2.A2012334.h11v02.001.2020107222945.h5",2012,"334"
"VNP46A2.A2012334.h11v03.001.2020112214900.h5","https://ladsweb.modaps.eosdis.nasa.gov/archive/allData/5000/VNP46A2/2012/334/VNP46A2.A2012334.h11v03.001.2020112214900.h5",2012,"334"
"VNP46A2.A2012334.h11v04.001.2020112202650.h5","https://ladsweb.modaps.eosdis.nasa.gov/archive/allData/5000/VNP46A2/2012/334/VNP46A2.A2012334.h11v04.001.2020112202650.h5",2012,"334"
"VNP46A2.A2012334.h11v05.001.2020112164023.h5","https://ladsweb.modaps.eosdis.nasa.gov/archive/allData/5000/VNP46A2/2012/334/VNP46A2.A2012334.h11v05.001.2020112164023.h5",2012,"334"
"VNP46A2.A2012334.h11v07.001.2020107212101.h5","https://ladsweb.modaps.eosdis.nasa.gov/archive/allData/5000/VNP46A2/2012/334/VNP46A2.A2012334.h11v07.001.2020107212101.h5",2012,"334"
"VNP46A2.A2012334.h11v08.001.2020112214422.h5","https://ladsweb.modaps.eosdis.nasa.gov/archive/allData/5000/VNP46A2/2012/334/VNP46A2.A2012334.h11v08.001.2020112214422.h5",2012,"334"
"VNP46A2.A2012334.h11v09.001.2020108001641.h5","https://ladsweb.modaps.eosdis.nasa.gov/archive/allData/5000/VNP46A2/2012/334/VNP46A2.A2012334.h11v09.001.2020108001641.h5",2012,"334"
"VNP46A2.A2012334.h11v10.001.2020108023828.h5","https://ladsweb.modaps.eosdis.nasa.gov/archive/allData/5000/VNP46A2/2012/334/VNP46A2.A2012334.h11v10.001.2020108023828.h5",2012,"334"
"VNP46A2.A2012334.h11v11.001.2020113000503.h5","https://ladsweb.modaps.eosdis.nasa.gov/archive/allData/5000/VNP46A2/2012/334/VNP46A2.A2012334.h11v11.001.2020113000503.h5",2012,"334"
"VNP46A2.A2012334.h11v12.001.2020112230302.h5","https://ladsweb.modaps.eosdis.nasa.gov/archive/allData/5000/VNP46A2/2012/334/VNP46A2.A2012334.h11v12.001.2020112230302.h5",2012,"334"
"VNP46A2.A2012334.h11v13.001.2020108001147.h5","https://ladsweb.modaps.eosdis.nasa.gov/archive/allData/5000/VNP46A2/2012/334/VNP46A2.A2012334.h11v13.001.2020108001147.h5",2012,"334"
"VNP46A2.A2012334.h11v14.001.2020112193934.h5","https://ladsweb.modaps.eosdis.nasa.gov/archive/allData/5000/VNP46A2/2012/334/VNP46A2.A2012334.h11v14.001.2020112193934.h5",2012,"334"
"VNP46A2.A2012334.h11v15.001.2020107224156.h5","https://ladsweb.modaps.eosdis.nasa.gov/archive/allData/5000/VNP46A2/2012/334/VNP46A2.A2012334.h11v15.001.2020107224156.h5",2012,"334"
"VNP46A2.A2012334.h12v01.001.2020112212040.h5","https://ladsweb.modaps.eosdis.nasa.gov/archive/allData/5000/VNP46A2/2012/334/VNP46A2.A2012334.h12v01.001.2020112212040.h5",2012,"334"
"VNP46A2.A2012334.h12v02.001.2020112175850.h5","https://ladsweb.modaps.eosdis.nasa.gov/archive/allData/5000/VNP46A2/2012/334/VNP46A2.A2012334.h12v02.001.2020112175850.h5",2012,"334"
"VNP46A2.A2012334.h12v03.001.2020112175806.h5","https://ladsweb.modaps.eosdis.nasa.gov/archive/allData/5000/VNP46A2/2012/334/VNP46A2.A2012334.h12v03.001.2020112175806.h5",2012,"334"
"VNP46A2.A2012334.h12v04.001.2020112215950.h5","https://ladsweb.modaps.eosdis.nasa.gov/archive/allData/5000/VNP46A2/2012/334/VNP46A2.A2012334.h12v04.001.2020112215950.h5",2012,"334"
"VNP46A2.A2012334.h12v07.001.2021224111855.h5","https://ladsweb.modaps.eosdis.nasa.gov/archive/allData/5000/VNP46A2/2012/334/VNP46A2.A2012334.h12v07.001.2021224111855.h5",2012,"334"
"VNP46A2.A2012334.h12v08.001.2020112214614.h5","https://ladsweb.modaps.eosdis.nasa.gov/archive/allData/5000/VNP46A2/2012/334/VNP46A2.A2012334.h12v08.001.2020112214614.h5",2012,"334"
"VNP46A2.A2012334.h12v09.001.2020108030805.h5","https://ladsweb.modaps.eosdis.nasa.gov/archive/allData/5000/VNP46A2/2012/334/VNP46A2.A2012334.h12v09.001.2020108030805.h5",2012,"334"
"VNP46A2.A2012334.h12v10.001.2020112220702.h5","https://ladsweb.modaps.eosdis.nasa.gov/archive/allData/5000/VNP46A2/2012/334/VNP46A2.A2012334.h12v10.001.2020112220702.h5",2012,"334"
"VNP46A2.A2012334.h12v11.001.2020112220333.h5","https://ladsweb.modaps.eosdis.nasa.gov/archive/allData/5000/VNP46A2/2012/334/VNP46A2.A2012334.h12v11.001.2020112220333.h5",2012,"334"
"VNP46A2.A2012334.h12v12.001.2020112224225.h5","https://ladsweb.modaps.eosdis.nasa.gov/archive/allData/5000/VNP46A2/2012/334/VNP46A2.A2012334.h12v12.001.2020112224225.h5",2012,"334"
"VNP46A2.A2012334.h12v14.001.2020112203316.h5","https://ladsweb.modaps.eosdis.nasa.gov/archive/allData/5000/VNP46A2/2012/334/VNP46A2.A2012334.h12v14.001.2020112203316.h5",2012,"334"
"VNP46A2.A2012334.h12v15.001.2020112205231.h5","https://ladsweb.modaps.eosdis.nasa.gov/archive/allData/5000/VNP46A2/2012/334/VNP46A2.A2012334.h12v15.001.2020112205231.h5",2012,"334"
"VNP46A2.A2012334.h13v01.001.2020112184002.h5","https://ladsweb.modaps.eosdis.nasa.gov/archive/allData/5000/VNP46A2/2012/334/VNP46A2.A2012334.h13v01.001.2020112184002.h5",2012,"334"
"VNP46A2.A2012334.h13v02.001.2020112185944.h5","https://ladsweb.modaps.eosdis.nasa.gov/archive/allData/5000/VNP46A2/2012/334/VNP46A2.A2012334.h13v02.001.2020112185944.h5",2012,"334"
"VNP46A2.A2012334.h13v08.001.2020107212248.h5","https://ladsweb.modaps.eosdis.nasa.gov/archive/allData/5000/VNP46A2/2012/334/VNP46A2.A2012334.h13v08.001.2020107212248.h5",2012,"334"
"VNP46A2.A2012334.h13v09.001.2020112220005.h5","https://ladsweb.modaps.eosdis.nasa.gov/archive/allData/5000/VNP46A2/2012/334/VNP46A2.A2012334.h13v09.001.2020112220005.h5",2012,"334"
"VNP46A2.A2012334.h13v10.001.2020112211240.h5","https://ladsweb.modaps.eosdis.nasa.gov/archive/allData/5000/VNP46A2/2012/334/VNP46A2.A2012334.h13v10.001.2020112211240.h5",2012,"334"
"VNP46A2.A2012334.h13v11.001.2020112212405.h5","https://ladsweb.modaps.eosdis.nasa.gov/archive/allData/5000/VNP46A2/2012/334/VNP46A2.A2012334.h13v11.001.2020112212405.h5",2012,"334"
"VNP46A2.A2012334.h13v15.001.2020112174909.h5","https://ladsweb.modaps.eosdis.nasa.gov/archive/allData/5000/VNP46A2/2012/334/VNP46A2.A2012334.h13v15.001.2020112174909.h5",2012,"334"
"VNP46A2.A2012334.h14v01.001.2020107233132.h5","https://ladsweb.modaps.eosdis.nasa.gov/archive/allData/5000/VNP46A2/2012/334/VNP46A2.A2012334.h14v01.001.2020107233132.h5",2012,"334"
"VNP46A2.A2012334.h14v02.001.2020112200921.h5","https://ladsweb.modaps.eosdis.nasa.gov/archive/allData/5000/VNP46A2/2012/334/VNP46A2.A2012334.h14v02.001.2020112200921.h5",2012,"334"
"VNP46A2.A2012334.h14v09.001.2020107221503.h5","https://ladsweb.modaps.eosdis.nasa.gov/archive/allData/5000/VNP46A2/2012/334/VNP46A2.A2012334.h14v09.001.2020107221503.h5",2012,"334"
"VNP46A2.A2012334.h14v10.001.2020112171756.h5","https://ladsweb.modaps.eosdis.nasa.gov/archive/allData/5000/VNP46A2/2012/334/VNP46A2.A2012334.h14v10.001.2020112171756.h5",2012,"334"
"VNP46A2.A2012334.h14v14.001.2020107222209.h5","https://ladsweb.modaps.eosdis.nasa.gov/archive/allData/5000/VNP46A2/2012/334/VNP46A2.A2012334.h14v14.001.2020107222209.h5",2012,"334"
"VNP46A2.A2012334.h15v01.001.2020112181344.h5","https://ladsweb.modaps.eosdis.nasa.gov/archive/allData/5000/VNP46A2/2012/334/VNP46A2.A2012334.h15v01.001.2020112181344.h5",2012,"334"
"VNP46A2.A2012334.h15v02.001.2020107222201.h5","https://ladsweb.modaps.eosdis.nasa.gov/archive/allData/5000/VNP46A2/2012/334/VNP46A2.A2012334.h15v02.001.2020107222201.h5",2012,"334"
"VNP46A2.A2012334.h15v05.001.2020107212101.h5","https://ladsweb.modaps.eosdis.nasa.gov/archive/allData/5000/VNP46A2/2012/334/VNP46A2.A2012334.h15v05.001.2020107212101.h5",2012,"334"
"VNP46A2.A2012334.h15v07.001.2020112175327.h5","https://ladsweb.modaps.eosdis.nasa.gov/archive/allData/5000/VNP46A2/2012/334/VNP46A2.A2012334.h15v07.001.2020112175327.h5",2012,"334"
"VNP46A2.A2012334.h15v14.001.2020112180936.h5","https://ladsweb.modaps.eosdis.nasa.gov/archive/allData/5000/VNP46A2/2012/334/VNP46A2.A2012334.h15v14.001.2020112180936.h5",2012,"334"
"VNP46A2.A2012334.h16v01.001.2020107212037.h5","https://ladsweb.modaps.eosdis.nasa.gov/archive/allData/5000/VNP46A2/2012/334/VNP46A2.A2012334.h16v01.001.2020107212037.h5",2012,"334"
"VNP46A2.A2012334.h16v02.001.2020107212545.h5","https://ladsweb.modaps.eosdis.nasa.gov/archive/allData/5000/VNP46A2/2012/334/VNP46A2.A2012334.h16v02.001.2020107212545.h5",2012,"334"
"VNP46A2.A2012334.h16v03.001.2020107212446.h5","https://ladsweb.modaps.eosdis.nasa.gov/archive/allData/5000/VNP46A2/2012/334/VNP46A2.A2012334.h16v03.001.2020107212446.h5",2012,"334"
"VNP46A2.A2012334.h16v05.001.2020107212751.h5","https://ladsweb.modaps.eosdis.nasa.gov/archive/allData/5000/VNP46A2/2012/334/VNP46A2.A2012334.h16v05.001.2020107212751.h5",2012,"334"
"VNP46A2.A2012334.h16v06.001.2020112193030.h5","https://ladsweb.modaps.eosdis.nasa.gov/archive/allData/5000/VNP46A2/2012/334/VNP46A2.A2012334.h16v06.001.2020112193030.h5",2012,"334"
"VNP46A2.A2012334.h16v07.001.2020108001719.h5","https://ladsweb.modaps.eosdis.nasa.gov/archive/allData/5000/VNP46A2/2012/334/VNP46A2.A2012334.h16v07.001.2020108001719.h5",2012,"334"
"VNP46A2.A2012334.h16v08.001.2020112185159.h5","https://ladsweb.modaps.eosdis.nasa.gov/archive/allData/5000/VNP46A2/2012/334/VNP46A2.A2012334.h16v08.001.2020112185159.h5",2012,"334"
"VNP46A2.A2012334.h16v12.001.2020107212830.h5","https://ladsweb.modaps.eosdis.nasa.gov/archive/allData/5000/VNP46A2/2012/334/VNP46A2.A2012334.h16v12.001.2020107212830.h5",2012,"334"
"VNP46A2.A2012334.h17v01.001.2020112174322.h5","https://ladsweb.modaps.eosdis.nasa.gov/archive/allData/5000/VNP46A2/2012/334/VNP46A2.A2012334.h17v01.001.2020112174322.h5",2012,"334"
"VNP46A2.A2012334.h17v02.001.2020112184536.h5","https://ladsweb.modaps.eosdis.nasa.gov/archive/allData/5000/VNP46A2/2012/334/VNP46A2.A2012334.h17v02.001.2020112184536.h5",2012,"334"
"VNP46A2.A2012334.h17v03.001.2020108010257.h5","https://ladsweb.modaps.eosdis.nasa.gov/archive/allData/5000/VNP46A2/2012/334/VNP46A2.A2012334.h17v03.001.2020108010257.h5",2012,"334"
"VNP46A2.A2012334.h17v04.001.2020112201416.h5","https://ladsweb.modaps.eosdis.nasa.gov/archive/allData/5000/VNP46A2/2012/334/VNP46A2.A2012334.h17v04.001.2020112201416.h5",2012,"334"
"VNP46A2.A2012334.h17v05.001.2020108011004.h5","https://ladsweb.modaps.eosdis.nasa.gov/archive/allData/5000/VNP46A2/2012/334/VNP46A2.A2012334.h17v05.001.2020108011004.h5",2012,"334"
"VNP46A2.A2012334.h17v06.001.2020112221655.h5","https://ladsweb.modaps.eosdis.nasa.gov/archive/allData/5000/VNP46A2/2012/334/VNP46A2.A2012334.h17v06.001.2020112221655.h5",2012,"334"
"VNP46A2.A2012334.h17v07.001.2020108021653.h5","https://ladsweb.modaps.eosdis.nasa.gov/archive/allData/5000/VNP46A2/2012/334/VNP46A2.A2012334.h17v07.001.2020108021653.h5",2012,"334"
"VNP46A2.A2012334.h17v08.001.2020112205205.h5","https://ladsweb.modaps.eosdis.nasa.gov/archive/allData/5000/VNP46A2/2012/334/VNP46A2.A2012334.h17v08.001.2020112205205.h5",2012,"334"
"VNP46A2.A2012334.h17v13.001.2020112173646.h5","https://ladsweb.modaps.eosdis.nasa.gov/archive/allData/5000/VNP46A2/2012/334/VNP46A2.A2012334.h17v13.001.2020112173646.h5",2012,"334"
"VNP46A2.A2012334.h17v15.001.2020112183002.h5","https://ladsweb.modaps.eosdis.nasa.gov/archive/allData/5000/VNP46A2/2012/334/VNP46A2.A2012334.h17v15.001.2020112183002.h5",2012,"334"
"VNP46A2.A2012334.h18v02.001.2020112184944.h5","https://ladsweb.modaps.eosdis.nasa.gov/archive/allData/5000/VNP46A2/2012/334/VNP46A2.A2012334.h18v02.001.2020112184944.h5",2012,"334"
"VNP46A2.A2012334.h18v03.001.2020112194632.h5","https://ladsweb.modaps.eosdis.nasa.gov/archive/allData/5000/VNP46A2/2012/334/VNP46A2.A2012334.h18v03.001.2020112194632.h5",2012,"334"
"VNP46A2.A2012334.h18v04.001.2020108000843.h5","https://ladsweb.modaps.eosdis.nasa.gov/archive/allData/5000/VNP46A2/2012/334/VNP46A2.A2012334.h18v04.001.2020108000843.h5",2012,"334"
"VNP46A2.A2012334.h18v05.001.2020112205524.h5","https://ladsweb.modaps.eosdis.nasa.gov/archive/allData/5000/VNP46A2/2012/334/VNP46A2.A2012334.h18v05.001.2020112205524.h5",2012,"334"
"VNP46A2.A2012334.h18v06.001.2020112211126.h5","https://ladsweb.modaps.eosdis.nasa.gov/archive/allData/5000/VNP46A2/2012/334/VNP46A2.A2012334.h18v06.001.2020112211126.h5",2012,"334"
"VNP46A2.A2012334.h18v07.001.2020108030516.h5","https://ladsweb.modaps.eosdis.nasa.gov/archive/allData/5000/VNP46A2/2012/334/VNP46A2.A2012334.h18v07.001.2020108030516.h5",2012,"334"
"VNP46A2.A2012334.h18v08.001.2020108005359.h5","https://ladsweb.modaps.eosdis.nasa.gov/archive/allData/5000/VNP46A2/2012/334/VNP46A2.A2012334.h18v08.001.2020108005359.h5",2012,"334"
"VNP46A2.A2012334.h18v09.001.2020112164404.h5","https://ladsweb.modaps.eosdis.nasa.gov/archive/allData/5000/VNP46A2/2012/334/VNP46A2.A2012334.h18v09.001.2020112164404.h5",2012,"334"
"VNP46A2.A2012334.h18v14.001.2020107213734.h5","https://ladsweb.modaps.eosdis.nasa.gov/archive/allData/5000/VNP46A2/2012/334/VNP46A2.A2012334.h18v14.001.2020107213734.h5",2012,"334"
"VNP46A2.A2012334.h18v15.001.2020112180514.h5","https://ladsweb.modaps.eosdis.nasa.gov/archive/allData/5000/VNP46A2/2012/334/VNP46A2.A2012334.h18v15.001.2020112180514.h5",2012,"334"
"VNP46A2.A2012334.h19v01.001.2020107220248.h5","https://ladsweb.modaps.eosdis.nasa.gov/archive/allData/5000/VNP46A2/2012/334/VNP46A2.A2012334.h19v01.001.2020107220248.h5",2012,"334"
"VNP46A2.A2012334.h19v02.001.2020112213753.h5","https://ladsweb.modaps.eosdis.nasa.gov/archive/allData/5000/VNP46A2/2012/334/VNP46A2.A2012334.h19v02.001.2020112213753.h5",2012,"334"
"VNP46A2.A2012334.h19v03.001.2020112223652.h5","https://ladsweb.modaps.eosdis.nasa.gov/archive/allData/5000/VNP46A2/2012/334/VNP46A2.A2012334.h19v03.001.2020112223652.h5",2012,"334"
"VNP46A2.A2012334.h19v04.001.2020112225928.h5","https://ladsweb.modaps.eosdis.nasa.gov/archive/allData/5000/VNP46A2/2012/334/VNP46A2.A2012334.h19v04.001.2020112225928.h5",2012,"334"
"VNP46A2.A2012334.h19v05.001.2020112200901.h5","https://ladsweb.modaps.eosdis.nasa.gov/archive/allData/5000/VNP46A2/2012/334/VNP46A2.A2012334.h19v05.001.2020112200901.h5",2012,"334"
"VNP46A2.A2012334.h19v06.001.2020108012123.h5","https://ladsweb.modaps.eosdis.nasa.gov/archive/allData/5000/VNP46A2/2012/334/VNP46A2.A2012334.h19v06.001.2020108012123.h5",2012,"334"
"VNP46A2.A2012334.h19v07.001.2020112233045.h5","https://ladsweb.modaps.eosdis.nasa.gov/archive/allData/5000/VNP46A2/2012/334/VNP46A2.A2012334.h19v07.001.2020112233045.h5",2012,"334"
"VNP46A2.A2012334.h19v08.001.2020112205950.h5","https://ladsweb.modaps.eosdis.nasa.gov/archive/allData/5000/VNP46A2/2012/334/VNP46A2.A2012334.h19v08.001.2020112205950.h5",2012,"334"
"VNP46A2.A2012334.h19v09.001.2020112222410.h5","https://ladsweb.modaps.eosdis.nasa.gov/archive/allData/5000/VNP46A2/2012/334/VNP46A2.A2012334.h19v09.001.2020112222410.h5",2012,"334"
"VNP46A2.A2012334.h19v10.001.2020112221047.h5","https://ladsweb.modaps.eosdis.nasa.gov/archive/allData/5000/VNP46A2/2012/334/VNP46A2.A2012334.h19v10.001.2020112221047.h5",2012,"334"
"VNP46A2.A2012334.h19v11.001.2020107232845.h5","https://ladsweb.modaps.eosdis.nasa.gov/archive/allData/5000/VNP46A2/2012/334/VNP46A2.A2012334.h19v11.001.2020107232845.h5",2012,"334"
"VNP46A2.A2012334.h19v12.001.2020107212819.h5","https://ladsweb.modaps.eosdis.nasa.gov/archive/allData/5000/VNP46A2/2012/334/VNP46A2.A2012334.h19v12.001.2020107212819.h5",2012,"334"
"VNP46A2.A2012334.h19v15.001.2020112190659.h5","https://ladsweb.modaps.eosdis.nasa.gov/archive/allData/5000/VNP46A2/2012/334/VNP46A2.A2012334.h19v15.001.2020112190659.h5",2012,"334"
"VNP46A2.A2012334.h20v01.001.2020112183408.h5","https://ladsweb.modaps.eosdis.nasa.gov/archive/allData/5000/VNP46A2/2012/334/VNP46A2.A2012334.h20v01.001.2020112183408.h5",2012,"334"
"VNP46A2.A2012334.h20v02.001.2020112212506.h5","https://ladsweb.modaps.eosdis.nasa.gov/archive/allData/5000/VNP46A2/2012/334/VNP46A2.A2012334.h20v02.001.2020112212506.h5",2012,"334"
"VNP46A2.A2012334.h20v03.001.2020112202004.h5","https://ladsweb.modaps.eosdis.nasa.gov/archive/allData/5000/VNP46A2/2012/334/VNP46A2.A2012334.h20v03.001.2020112202004.h5",2012,"334"
"VNP46A2.A2012334.h20v04.001.2020112204628.h5","https://ladsweb.modaps.eosdis.nasa.gov/archive/allData/5000/VNP46A2/2012/334/VNP46A2.A2012334.h20v04.001.2020112204628.h5",2012,"334"
"VNP46A2.A2012334.h20v05.001.2020112200920.h5","https://ladsweb.modaps.eosdis.nasa.gov/archive/allData/5000/VNP46A2/2012/334/VNP46A2.A2012334.h20v05.001.2020112200920.h5",2012,"334"
"VNP46A2.A2012334.h20v06.001.2020108022502.h5","https://ladsweb.modaps.eosdis.nasa.gov/archive/allData/5000/VNP46A2/2012/334/VNP46A2.A2012334.h20v06.001.2020108022502.h5",2012,"334"
"VNP46A2.A2012334.h20v07.001.2020108025107.h5","https://ladsweb.modaps.eosdis.nasa.gov/archive/allData/5000/VNP46A2/2012/334/VNP46A2.A2012334.h20v07.001.2020108025107.h5",2012,"334"
"VNP46A2.A2012334.h20v08.001.2020112205200.h5","https://ladsweb.modaps.eosdis.nasa.gov/archive/allData/5000/VNP46A2/2012/334/VNP46A2.A2012334.h20v08.001.2020112205200.h5",2012,"334"
"VNP46A2.A2012334.h20v09.001.2020108010157.h5","https://ladsweb.modaps.eosdis.nasa.gov/archive/allData/5000/VNP46A2/2012/334/VNP46A2.A2012334.h20v09.001.2020108010157.h5",2012,"334"
"VNP46A2.A2012334.h20v10.001.2020112233646.h5","https://ladsweb.modaps.eosdis.nasa.gov/archive/allData/5000/VNP46A2/2012/334/VNP46A2.A2012334.h20v10.001.2020112233646.h5",2012,"334"
"VNP46A2.A2012334.h20v11.001.2020108014423.h5","https://ladsweb.modaps.eosdis.nasa.gov/archive/allData/5000/VNP46A2/2012/334/VNP46A2.A2012334.h20v11.001.2020108014423.h5",2012,"334"
"VNP46A2.A2012334.h20v12.001.2020112210420.h5","https://ladsweb.modaps.eosdis.nasa.gov/archive/allData/5000/VNP46A2/2012/334/VNP46A2.A2012334.h20v12.001.2020112210420.h5",2012,"334"
"VNP46A2.A2012334.h20v15.001.2020113175004.h5","https://ladsweb.modaps.eosdis.nasa.gov/archive/allData/5000/VNP46A2/2012/334/VNP46A2.A2012334.h20v15.001.2020113175004.h5",2012,"334"
"VNP46A2.A2012334.h21v01.001.2020112164153.h5","https://ladsweb.modaps.eosdis.nasa.gov/archive/allData/5000/VNP46A2/2012/334/VNP46A2.A2012334.h21v01.001.2020112164153.h5",2012,"334"
"VNP46A2.A2012334.h21v02.001.2020112222109.h5","https://ladsweb.modaps.eosdis.nasa.gov/archive/allData/5000/VNP46A2/2012/334/VNP46A2.A2012334.h21v02.001.2020112222109.h5",2012,"334"
"VNP46A2.A2012334.h21v03.001.2020112223037.h5","https://ladsweb.modaps.eosdis.nasa.gov/archive/allData/5000/VNP46A2/2012/334/VNP46A2.A2012334.h21v03.001.2020112223037.h5",2012,"334"
"VNP46A2.A2012334.h21v04.001.2020107232833.h5","https://ladsweb.modaps.eosdis.nasa.gov/archive/allData/5000/VNP46A2/2012/334/VNP46A2.A2012334.h21v04.001.2020107232833.h5",2012,"334"
"VNP46A2.A2012334.h21v05.001.2020112203639.h5","https://ladsweb.modaps.eosdis.nasa.gov/archive/allData/5000/VNP46A2/2012/334/VNP46A2.A2012334.h21v05.001.2020112203639.h5",2012,"334"
"VNP46A2.A2012334.h21v06.001.2020108024731.h5","https://ladsweb.modaps.eosdis.nasa.gov/archive/allData/5000/VNP46A2/2012/334/VNP46A2.A2012334.h21v06.001.2020108024731.h5",2012,"334"
"VNP46A2.A2012334.h21v07.001.2020112223115.h5","https://ladsweb.modaps.eosdis.nasa.gov/archive/allData/5000/VNP46A2/2012/334/VNP46A2.A2012334.h21v07.001.2020112223115.h5",2012,"334"
"VNP46A2.A2012334.h21v08.001.2020112220659.h5","https://ladsweb.modaps.eosdis.nasa.gov/archive/allData/5000/VNP46A2/2012/334/VNP46A2.A2012334.h21v08.001.2020112220659.h5",2012,"334"
"VNP46A2.A2012334.h21v09.001.2020112231606.h5","https://ladsweb.modaps.eosdis.nasa.gov/archive/allData/5000/VNP46A2/2012/334/VNP46A2.A2012334.h21v09.001.2020112231606.h5",2012,"334"
"VNP46A2.A2012334.h21v10.001.2020112200832.h5","https://ladsweb.modaps.eosdis.nasa.gov/archive/allData/5000/VNP46A2/2012/334/VNP46A2.A2012334.h21v10.001.2020112200832.h5",2012,"334"
"VNP46A2.A2012334.h21v11.001.2020112203826.h5","https://ladsweb.modaps.eosdis.nasa.gov/archive/allData/5000/VNP46A2/2012/334/VNP46A2.A2012334.h21v11.001.2020112203826.h5",2012,"334"
"VNP46A2.A2012334.h21v12.001.2020107211425.h5","https://ladsweb.modaps.eosdis.nasa.gov/archive/allData/5000/VNP46A2/2012/334/VNP46A2.A2012334.h21v12.001.2020107211425.h5",2012,"334"
"VNP46A2.A2012334.h21v13.001.2020112201622.h5","https://ladsweb.modaps.eosdis.nasa.gov/archive/allData/5000/VNP46A2/2012/334/VNP46A2.A2012334.h21v13.001.2020112201622.h5",2012,"334"
"VNP46A2.A2012334.h21v15.001.2020112183306.h5","https://ladsweb.modaps.eosdis.nasa.gov/archive/allData/5000/VNP46A2/2012/334/VNP46A2.A2012334.h21v15.001.2020112183306.h5",2012,"334"
"VNP46A2.A2012334.h22v02.001.2020112221819.h5","https://ladsweb.modaps.eosdis.nasa.gov/archive/allData/5000/VNP46A2/2012/334/VNP46A2.A2012334.h22v02.001.2020112221819.h5",2012,"334"
"VNP46A2.A2012334.h22v03.001.2020112232153.h5","https://ladsweb.modaps.eosdis.nasa.gov/archive/allData/5000/VNP46A2/2012/334/VNP46A2.A2012334.h22v03.001.2020112232153.h5",2012,"334"
"VNP46A2.A2012334.h22v04.001.2020112220448.h5","https://ladsweb.modaps.eosdis.nasa.gov/archive/allData/5000/VNP46A2/2012/334/VNP46A2.A2012334.h22v04.001.2020112220448.h5",2012,"334"
"VNP46A2.A2012334.h22v05.001.2020108022250.h5","https://ladsweb.modaps.eosdis.nasa.gov/archive/allData/5000/VNP46A2/2012/334/VNP46A2.A2012334.h22v05.001.2020108022250.h5",2012,"334"
"VNP46A2.A2012334.h22v06.001.2020112214425.h5","https://ladsweb.modaps.eosdis.nasa.gov/archive/allData/5000/VNP46A2/2012/334/VNP46A2.A2012334.h22v06.001.2020112214425.h5",2012,"334"
"VNP46A2.A2012334.h22v07.001.2020108012051.h5","https://ladsweb.modaps.eosdis.nasa.gov/archive/allData/5000/VNP46A2/2012/334/VNP46A2.A2012334.h22v07.001.2020108012051.h5",2012,"334"
"VNP46A2.A2012334.h22v08.001.2020108012427.h5","https://ladsweb.modaps.eosdis.nasa.gov/archive/allData/5000/VNP46A2/2012/334/VNP46A2.A2012334.h22v08.001.2020108012427.h5",2012,"334"
"VNP46A2.A2012334.h22v09.001.2020107212832.h5","https://ladsweb.modaps.eosdis.nasa.gov/archive/allData/5000/VNP46A2/2012/334/VNP46A2.A2012334.h22v09.001.2020107212832.h5",2012,"334"
"VNP46A2.A2012334.h22v10.001.2020107224828.h5","https://ladsweb.modaps.eosdis.nasa.gov/archive/allData/5000/VNP46A2/2012/334/VNP46A2.A2012334.h22v10.001.2020107224828.h5",2012,"334"
"VNP46A2.A2012334.h22v11.001.2020112173223.h5","https://ladsweb.modaps.eosdis.nasa.gov/archive/allData/5000/VNP46A2/2012/334/VNP46A2.A2012334.h22v11.001.2020112173223.h5",2012,"334"
"VNP46A2.A2012334.h22v15.001.2020112211421.h5","https://ladsweb.modaps.eosdis.nasa.gov/archive/allData/5000/VNP46A2/2012/334/VNP46A2.A2012334.h22v15.001.2020112211421.h5",2012,"334"
"VNP46A2.A2012334.h23v01.001.2020112192810.h5","https://ladsweb.modaps.eosdis.nasa.gov/archive/allData/5000/VNP46A2/2012/334/VNP46A2.A2012334.h23v01.001.2020112192810.h5",2012,"334"
"VNP46A2.A2012334.h23v02.001.2020112223535.h5","https://ladsweb.modaps.eosdis.nasa.gov/archive/allData/5000/VNP46A2/2012/334/VNP46A2.A2012334.h23v02.001.2020112223535.h5",2012,"334"
"VNP46A2.A2012334.h23v03.001.2020112210527.h5","https://ladsweb.modaps.eosdis.nasa.gov/archive/allData/5000/VNP46A2/2012/334/VNP46A2.A2012334.h23v03.001.2020112210527.h5",2012,"334"
"VNP46A2.A2012334.h23v04.001.2020108011409.h5","https://ladsweb.modaps.eosdis.nasa.gov/archive/allData/5000/VNP46A2/2012/334/VNP46A2.A2012334.h23v04.001.2020108011409.h5",2012,"334"
"VNP46A2.A2012334.h23v05.001.2020108014255.h5","https://ladsweb.modaps.eosdis.nasa.gov/archive/allData/5000/VNP46A2/2012/334/VNP46A2.A2012334.h23v05.001.2020108014255.h5",2012,"334"
"VNP46A2.A2012334.h23v06.001.2020112214705.h5","https://ladsweb.modaps.eosdis.nasa.gov/archive/allData/5000/VNP46A2/2012/334/VNP46A2.A2012334.h23v06.001.2020112214705.h5",2012,"334"
"VNP46A2.A2012334.h23v07.001.2020112195231.h5","https://ladsweb.modaps.eosdis.nasa.gov/archive/allData/5000/VNP46A2/2012/334/VNP46A2.A2012334.h23v07.001.2020112195231.h5",2012,"334"
"VNP46A2.A2012334.h23v08.001.2020112171230.h5","https://ladsweb.modaps.eosdis.nasa.gov/archive/allData/5000/VNP46A2/2012/334/VNP46A2.A2012334.h23v08.001.2020112171230.h5",2012,"334"
"VNP46A2.A2012334.h23v09.001.2020112164233.h5","https://ladsweb.modaps.eosdis.nasa.gov/archive/allData/5000/VNP46A2/2012/334/VNP46A2.A2012334.h23v09.001.2020112164233.h5",2012,"334"
"VNP46A2.A2012334.h23v10.001.2020112200402.h5","https://ladsweb.modaps.eosdis.nasa.gov/archive/allData/5000/VNP46A2/2012/334/VNP46A2.A2012334.h23v10.001.2020112200402.h5",2012,"334"
"VNP46A2.A2012334.h23v11.001.2020112165032.h5","https://ladsweb.modaps.eosdis.nasa.gov/archive/allData/5000/VNP46A2/2012/334/VNP46A2.A2012334.h23v11.001.2020112165032.h5",2012,"334"
"VNP46A2.A2012334.h23v13.001.2020107221437.h5","https://ladsweb.modaps.eosdis.nasa.gov/archive/allData/5000/VNP46A2/2012/334/VNP46A2.A2012334.h23v13.001.2020107221437.h5",2012,"334"
"VNP46A2.A2012334.h23v15.001.2020112190815.h5","https://ladsweb.modaps.eosdis.nasa.gov/archive/allData/5000/VNP46A2/2012/334/VNP46A2.A2012334.h23v15.001.2020112190815.h5",2012,"334"
"VNP46A2.A2012334.h24v01.001.2020112175048.h5","https://ladsweb.modaps.eosdis.nasa.gov/archive/allData/5000/VNP46A2/2012/334/VNP46A2.A2012334.h24v01.001.2020112175048.h5",2012,"334"
"VNP46A2.A2012334.h24v02.001.2020112205625.h5","https://ladsweb.modaps.eosdis.nasa.gov/archive/allData/5000/VNP46A2/2012/334/VNP46A2.A2012334.h24v02.001.2020112205625.h5",2012,"334"
"VNP46A2.A2012334.h24v03.001.2020108012934.h5","https://ladsweb.modaps.eosdis.nasa.gov/archive/allData/5000/VNP46A2/2012/334/VNP46A2.A2012334.h24v03.001.2020108012934.h5",2012,"334"
"VNP46A2.A2012334.h24v04.001.2020113000508.h5","https://ladsweb.modaps.eosdis.nasa.gov/archive/allData/5000/VNP46A2/2012/334/VNP46A2.A2012334.h24v04.001.2020113000508.h5",2012,"334"
"VNP46A2.A2012334.h24v05.001.2020113000531.h5","https://ladsweb.modaps.eosdis.nasa.gov/archive/allData/5000/VNP46A2/2012/334/VNP46A2.A2012334.h24v05.001.2020113000531.h5",2012,"334"
"VNP46A2.A2012334.h24v06.001.2020108001139.h5","https://ladsweb.modaps.eosdis.nasa.gov/archive/allData/5000/VNP46A2/2012/334/VNP46A2.A2012334.h24v06.001.2020108001139.h5",2012,"334"
"VNP46A2.A2012334.h24v13.001.2020112193607.h5","https://ladsweb.modaps.eosdis.nasa.gov/archive/allData/5000/VNP46A2/2012/334/VNP46A2.A2012334.h24v13.001.2020112193607.h5",2012,"334"
"VNP46A2.A2012334.h24v15.001.2020112212218.h5","https://ladsweb.modaps.eosdis.nasa.gov/archive/allData/5000/VNP46A2/2012/334/VNP46A2.A2012334.h24v15.001.2020112212218.h5",2012,"334"
"VNP46A2.A2012334.h25v01.001.2020112203201.h5","https://ladsweb.modaps.eosdis.nasa.gov/archive/allData/5000/VNP46A2/2012/334/VNP46A2.A2012334.h25v01.001.2020112203201.h5",2012,"334"
"VNP46A2.A2012334.h25v02.001.2020112221945.h5","https://ladsweb.modaps.eosdis.nasa.gov/archive/allData/5000/VNP46A2/2012/334/VNP46A2.A2012334.h25v02.001.2020112221945.h5",2012,"334"
"VNP46A2.A2012334.h25v03.001.2020108011339.h5","https://ladsweb.modaps.eosdis.nasa.gov/archive/allData/5000/VNP46A2/2012/334/VNP46A2.A2012334.h25v03.001.2020108011339.h5",2012,"334"
"VNP46A2.A2012334.h25v04.001.2020112223506.h5","https://ladsweb.modaps.eosdis.nasa.gov/archive/allData/5000/VNP46A2/2012/334/VNP46A2.A2012334.h25v04.001.2020112223506.h5",2012,"334"
"VNP46A2.A2012334.h25v05.001.2020112225031.h5","https://ladsweb.modaps.eosdis.nasa.gov/archive/allData/5000/VNP46A2/2012/334/VNP46A2.A2012334.h25v05.001.2020112225031.h5",2012,"334"
"VNP46A2.A2012334.h25v06.001.2020112215558.h5","https://ladsweb.modaps.eosdis.nasa.gov/archive/allData/5000/VNP46A2/2012/334/VNP46A2.A2012334.h25v06.001.2020112215558.h5",2012,"334"
"VNP46A2.A2012334.h25v07.001.2020112191821.h5","https://ladsweb.modaps.eosdis.nasa.gov/archive/allData/5000/VNP46A2/2012/334/VNP46A2.A2012334.h25v07.001.2020112191821.h5",2012,"334"
"VNP46A2.A2012334.h25v08.001.2020112194009.h5","https://ladsweb.modaps.eosdis.nasa.gov/archive/allData/5000/VNP46A2/2012/334/VNP46A2.A2012334.h25v08.001.2020112194009.h5",2012,"334"
"VNP46A2.A2012334.h25v09.001.2020112163712.h5","https://ladsweb.modaps.eosdis.nasa.gov/archive/allData/5000/VNP46A2/2012/334/VNP46A2.A2012334.h25v09.001.2020112163712.h5",2012,"334"
"VNP46A2.A2012334.h25v13.001.2020112190023.h5","https://ladsweb.modaps.eosdis.nasa.gov/archive/allData/5000/VNP46A2/2012/334/VNP46A2.A2012334.h25v13.001.2020112190023.h5",2012,"334"
"VNP46A2.A2012334.h25v14.001.2020107222317.h5","https://ladsweb.modaps.eosdis.nasa.gov/archive/allData/5000/VNP46A2/2012/334/VNP46A2.A2012334.h25v14.001.2020107222317.h5",2012,"334"
"VNP46A2.A2012334.h25v15.001.2020112172046.h5","https://ladsweb.modaps.eosdis.nasa.gov/archive/allData/5000/VNP46A2/2012/334/VNP46A2.A2012334.h25v15.001.2020112172046.h5",2012,"334"
"VNP46A2.A2012334.h26v01.001.2020112183559.h5","https://ladsweb.modaps.eosdis.nasa.gov/archive/allData/5000/VNP46A2/2012/334/VNP46A2.A2012334.h26v01.001.2020112183559.h5",2012,"334"
"VNP46A2.A2012334.h26v02.001.2020112220726.h5","https://ladsweb.modaps.eosdis.nasa.gov/archive/allData/5000/VNP46A2/2012/334/VNP46A2.A2012334.h26v02.001.2020112220726.h5",2012,"334"
"VNP46A2.A2012334.h26v03.001.2020112222733.h5","https://ladsweb.modaps.eosdis.nasa.gov/archive/allData/5000/VNP46A2/2012/334/VNP46A2.A2012334.h26v03.001.2020112222733.h5",2012,"334"
"VNP46A2.A2012334.h26v04.001.2020112223940.h5","https://ladsweb.modaps.eosdis.nasa.gov/archive/allData/5000/VNP46A2/2012/334/VNP46A2.A2012334.h26v04.001.2020112223940.h5",2012,"334"
"VNP46A2.A2012334.h26v05.001.2020112231327.h5","https://ladsweb.modaps.eosdis.nasa.gov/archive/allData/5000/VNP46A2/2012/334/VNP46A2.A2012334.h26v05.001.2020112231327.h5",2012,"334"
"VNP46A2.A2012334.h26v06.001.2020112220345.h5","https://ladsweb.modaps.eosdis.nasa.gov/archive/allData/5000/VNP46A2/2012/334/VNP46A2.A2012334.h26v06.001.2020112220345.h5",2012,"334"
"VNP46A2.A2012334.h26v07.001.2020107221057.h5","https://ladsweb.modaps.eosdis.nasa.gov/archive/allData/5000/VNP46A2/2012/334/VNP46A2.A2012334.h26v07.001.2020107221057.h5",2012,"334"
"VNP46A2.A2012334.h26v08.001.2020112180731.h5","https://ladsweb.modaps.eosdis.nasa.gov/archive/allData/5000/VNP46A2/2012/334/VNP46A2.A2012334.h26v08.001.2020112180731.h5",2012,"334"
"VNP46A2.A2012334.h26v15.001.2020112204832.h5","https://ladsweb.modaps.eosdis.nasa.gov/archive/allData/5000/VNP46A2/2012/334/VNP46A2.A2012334.h26v15.001.2020112204832.h5",2012,"334"
"VNP46A2.A2012334.h27v01.001.2020112201212.h5","https://ladsweb.modaps.eosdis.nasa.gov/archive/allData/5000/VNP46A2/2012/334/VNP46A2.A2012334.h27v01.001.2020112201212.h5",2012,"334"
"VNP46A2.A2012334.h27v02.001.2020112230938.h5","https://ladsweb.modaps.eosdis.nasa.gov/archive/allData/5000/VNP46A2/2012/334/VNP46A2.A2012334.h27v02.001.2020112230938.h5",2012,"334"
"VNP46A2.A2012334.h27v03.001.2020112215753.h5","https://ladsweb.modaps.eosdis.nasa.gov/archive/allData/5000/VNP46A2/2012/334/VNP46A2.A2012334.h27v03.001.2020112215753.h5",2012,"334"
"VNP46A2.A2012334.h27v04.001.2020112230444.h5","https://ladsweb.modaps.eosdis.nasa.gov/archive/allData/5000/VNP46A2/2012/334/VNP46A2.A2012334.h27v04.001.2020112230444.h5",2012,"334"
"VNP46A2.A2012334.h27v05.001.2020112211614.h5","https://ladsweb.modaps.eosdis.nasa.gov/archive/allData/5000/VNP46A2/2012/334/VNP46A2.A2012334.h27v05.001.2020112211614.h5",2012,"334"
"VNP46A2.A2012334.h27v06.001.2020108025114.h5","https://ladsweb.modaps.eosdis.nasa.gov/archive/allData/5000/VNP46A2/2012/334/VNP46A2.A2012334.h27v06.001.2020108025114.h5",2012,"334"
"VNP46A2.A2012334.h27v07.001.2020112201124.h5","https://ladsweb.modaps.eosdis.nasa.gov/archive/allData/5000/VNP46A2/2012/334/VNP46A2.A2012334.h27v07.001.2020112201124.h5",2012,"334"
"VNP46A2.A2012334.h27v08.001.2020107221404.h5","https://ladsweb.modaps.eosdis.nasa.gov/archive/allData/5000/VNP46A2/2012/334/VNP46A2.A2012334.h27v08.001.2020107221404.h5",2012,"334"
"VNP46A2.A2012334.h27v09.001.2020112175254.h5","https://ladsweb.modaps.eosdis.nasa.gov/archive/allData/5000/VNP46A2/2012/334/VNP46A2.A2012334.h27v09.001.2020112175254.h5",2012,"334"
"VNP46A2.A2012334.h27v15.001.2020112220951.h5","https://ladsweb.modaps.eosdis.nasa.gov/archive/allData/5000/VNP46A2/2012/334/VNP46A2.A2012334.h27v15.001.2020112220951.h5",2012,"334"
"VNP46A2.A2012334.h28v01.001.2020112211557.h5","https://ladsweb.modaps.eosdis.nasa.gov/archive/allData/5000/VNP46A2/2012/334/VNP46A2.A2012334.h28v01.001.2020112211557.h5",2012,"334"
"VNP46A2.A2012334.h28v02.001.2020112223324.h5","https://ladsweb.modaps.eosdis.nasa.gov/archive/allData/5000/VNP46A2/2012/334/VNP46A2.A2012334.h28v02.001.2020112223324.h5",2012,"334"
"VNP46A2.A2012334.h28v03.001.2020112210447.h5","https://ladsweb.modaps.eosdis.nasa.gov/archive/allData/5000/VNP46A2/2012/334/VNP46A2.A2012334.h28v03.001.2020112210447.h5",2012,"334"
"VNP46A2.A2012334.h28v04.001.2020112220713.h5","https://ladsweb.modaps.eosdis.nasa.gov/archive/allData/5000/VNP46A2/2012/334/VNP46A2.A2012334.h28v04.001.2020112220713.h5",2012,"334"
"VNP46A2.A2012334.h28v05.001.2020112225231.h5","https://ladsweb.modaps.eosdis.nasa.gov/archive/allData/5000/VNP46A2/2012/334/VNP46A2.A2012334.h28v05.001.2020112225231.h5",2012,"334"
"VNP46A2.A2012334.h28v06.001.2020112211923.h5","https://ladsweb.modaps.eosdis.nasa.gov/archive/allData/5000/VNP46A2/2012/334/VNP46A2.A2012334.h28v06.001.2020112211923.h5",2012,"334"
"VNP46A2.A2012334.h28v07.001.2020107224522.h5","https://ladsweb.modaps.eosdis.nasa.gov/archive/allData/5000/VNP46A2/2012/334/VNP46A2.A2012334.h28v07.001.2020107224522.h5",2012,"334"
"VNP46A2.A2012334.h28v08.001.2020112183617.h5","https://ladsweb.modaps.eosdis.nasa.gov/archive/allData/5000/VNP46A2/2012/334/VNP46A2.A2012334.h28v08.001.2020112183617.h5",2012,"334"
"VNP46A2.A2012334.h28v09.001.2020112214915.h5","https://ladsweb.modaps.eosdis.nasa.gov/archive/allData/5000/VNP46A2/2012/334/VNP46A2.A2012334.h28v09.001.2020112214915.h5",2012,"334"
"VNP46A2.A2012334.h28v15.001.2020112205112.h5","https://ladsweb.modaps.eosdis.nasa.gov/archive/allData/5000/VNP46A2/2012/334/VNP46A2.A2012334.h28v15.001.2020112205112.h5",2012,"334"
"VNP46A2.A2012334.h29v01.001.2020112203901.h5","https://ladsweb.modaps.eosdis.nasa.gov/archive/allData/5000/VNP46A2/2012/334/VNP46A2.A2012334.h29v01.001.2020112203901.h5",2012,"334"
"VNP46A2.A2012334.h29v02.001.2020112232522.h5","https://ladsweb.modaps.eosdis.nasa.gov/archive/allData/5000/VNP46A2/2012/334/VNP46A2.A2012334.h29v02.001.2020112232522.h5",2012,"334"
"VNP46A2.A2012334.h29v03.001.2020113001451.h5","https://ladsweb.modaps.eosdis.nasa.gov/archive/allData/5000/VNP46A2/2012/334/VNP46A2.A2012334.h29v03.001.2020113001451.h5",2012,"334"
"VNP46A2.A2012334.h29v04.001.2020112225950.h5","https://ladsweb.modaps.eosdis.nasa.gov/archive/allData/5000/VNP46A2/2012/334/VNP46A2.A2012334.h29v04.001.2020112225950.h5",2012,"334"
"VNP46A2.A2012334.h29v05.001.2020112222241.h5","https://ladsweb.modaps.eosdis.nasa.gov/archive/allData/5000/VNP46A2/2012/334/VNP46A2.A2012334.h29v05.001.2020112222241.h5",2012,"334"
"VNP46A2.A2012334.h29v06.001.2020112221604.h5","https://ladsweb.modaps.eosdis.nasa.gov/archive/allData/5000/VNP46A2/2012/334/VNP46A2.A2012334.h29v06.001.2020112221604.h5",2012,"334"
"VNP46A2.A2012334.h29v07.001.2020107215434.h5","https://ladsweb.modaps.eosdis.nasa.gov/archive/allData/5000/VNP46A2/2012/334/VNP46A2.A2012334.h29v07.001.2020107215434.h5",2012,"334"
"VNP46A2.A2012334.h29v08.001.2020112183917.h5","https://ladsweb.modaps.eosdis.nasa.gov/archive/allData/5000/VNP46A2/2012/334/VNP46A2.A2012334.h29v08.001.2020112183917.h5",2012,"334"
"VNP46A2.A2012334.h29v09.001.2020112202440.h5","https://ladsweb.modaps.eosdis.nasa.gov/archive/allData/5000/VNP46A2/2012/334/VNP46A2.A2012334.h29v09.001.2020112202440.h5",2012,"334"
"VNP46A2.A2012334.h29v10.001.2020112175605.h5","https://ladsweb.modaps.eosdis.nasa.gov/archive/allData/5000/VNP46A2/2012/334/VNP46A2.A2012334.h29v10.001.2020112175605.h5",2012,"334"
"VNP46A2.A2012334.h29v11.001.2020107232036.h5","https://ladsweb.modaps.eosdis.nasa.gov/archive/allData/5000/VNP46A2/2012/334/VNP46A2.A2012334.h29v11.001.2020107232036.h5",2012,"334"
"VNP46A2.A2012334.h29v12.001.2020107211500.h5","https://ladsweb.modaps.eosdis.nasa.gov/archive/allData/5000/VNP46A2/2012/334/VNP46A2.A2012334.h29v12.001.2020107211500.h5",2012,"334"
"VNP46A2.A2012334.h29v15.001.2020112214437.h5","https://ladsweb.modaps.eosdis.nasa.gov/archive/allData/5000/VNP46A2/2012/334/VNP46A2.A2012334.h29v15.001.2020112214437.h5",2012,"334"
"VNP46A2.A2012334.h30v01.001.2020112180822.h5","https://ladsweb.modaps.eosdis.nasa.gov/archive/allData/5000/VNP46A2/2012/334/VNP46A2.A2012334.h30v01.001.2020112180822.h5",2012,"334"
"VNP46A2.A2012334.h30v02.001.2020112211715.h5","https://ladsweb.modaps.eosdis.nasa.gov/archive/allData/5000/VNP46A2/2012/334/VNP46A2.A2012334.h30v02.001.2020112211715.h5",2012,"334"
"VNP46A2.A2012334.h30v03.001.2020108005054.h5","https://ladsweb.modaps.eosdis.nasa.gov/archive/allData/5000/VNP46A2/2012/334/VNP46A2.A2012334.h30v03.001.2020108005054.h5",2012,"334"
"VNP46A2.A2012334.h30v04.001.2020108013814.h5","https://ladsweb.modaps.eosdis.nasa.gov/archive/allData/5000/VNP46A2/2012/334/VNP46A2.A2012334.h30v04.001.2020108013814.h5",2012,"334"
"VNP46A2.A2012334.h30v05.001.2020112193729.h5","https://ladsweb.modaps.eosdis.nasa.gov/archive/allData/5000/VNP46A2/2012/334/VNP46A2.A2012334.h30v05.001.2020112193729.h5",2012,"334"
"VNP46A2.A2012334.h30v06.001.2020107205212.h5","https://ladsweb.modaps.eosdis.nasa.gov/archive/allData/5000/VNP46A2/2012/334/VNP46A2.A2012334.h30v06.001.2020107205212.h5",2012,"334"
"VNP46A2.A2012334.h30v07.001.2020112194506.h5","https://ladsweb.modaps.eosdis.nasa.gov/archive/allData/5000/VNP46A2/2012/334/VNP46A2.A2012334.h30v07.001.2020112194506.h5",2012,"334"
"VNP46A2.A2012334.h30v08.001.2020107220140.h5","https://ladsweb.modaps.eosdis.nasa.gov/archive/allData/5000/VNP46A2/2012/334/VNP46A2.A2012334.h30v08.001.2020107220140.h5",2012,"334"
"VNP46A2.A2012334.h30v09.001.2020107232027.h5","https://ladsweb.modaps.eosdis.nasa.gov/archive/allData/5000/VNP46A2/2012/334/VNP46A2.A2012334.h30v09.001.2020107232027.h5",2012,"334"
"VNP46A2.A2012334.h30v10.001.2020107234012.h5","https://ladsweb.modaps.eosdis.nasa.gov/archive/allData/5000/VNP46A2/2012/334/VNP46A2.A2012334.h30v10.001.2020107234012.h5",2012,"334"
"VNP46A2.A2012334.h30v11.001.2020113000828.h5","https://ladsweb.modaps.eosdis.nasa.gov/archive/allData/5000/VNP46A2/2012/334/VNP46A2.A2012334.h30v11.001.2020113000828.h5",2012,"334"
"VNP46A2.A2012334.h30v12.001.2020108002640.h5","https://ladsweb.modaps.eosdis.nasa.gov/archive/allData/5000/VNP46A2/2012/334/VNP46A2.A2012334.h30v12.001.2020108002640.h5",2012,"334"
"VNP46A2.A2012334.h30v15.001.2020113182653.h5","https://ladsweb.modaps.eosdis.nasa.gov/archive/allData/5000/VNP46A2/2012/334/VNP46A2.A2012334.h30v15.001.2020113182653.h5",2012,"334"
"VNP46A2.A2012334.h31v01.001.2020107221437.h5","https://ladsweb.modaps.eosdis.nasa.gov/archive/allData/5000/VNP46A2/2012/334/VNP46A2.A2012334.h31v01.001.2020107221437.h5",2012,"334"
"VNP46A2.A2012334.h31v02.001.2020112212441.h5","https://ladsweb.modaps.eosdis.nasa.gov/archive/allData/5000/VNP46A2/2012/334/VNP46A2.A2012334.h31v02.001.2020112212441.h5",2012,"334"
"VNP46A2.A2012334.h31v03.001.2020108024421.h5","https://ladsweb.modaps.eosdis.nasa.gov/archive/allData/5000/VNP46A2/2012/334/VNP46A2.A2012334.h31v03.001.2020108024421.h5",2012,"334"
"VNP46A2.A2012334.h31v04.001.2020112205137.h5","https://ladsweb.modaps.eosdis.nasa.gov/archive/allData/5000/VNP46A2/2012/334/VNP46A2.A2012334.h31v04.001.2020112205137.h5",2012,"334"
"VNP46A2.A2012334.h31v05.001.2020112214250.h5","https://ladsweb.modaps.eosdis.nasa.gov/archive/allData/5000/VNP46A2/2012/334/VNP46A2.A2012334.h31v05.001.2020112214250.h5",2012,"334"
"VNP46A2.A2012334.h31v06.001.2020112191736.h5","https://ladsweb.modaps.eosdis.nasa.gov/archive/allData/5000/VNP46A2/2012/334/VNP46A2.A2012334.h31v06.001.2020112191736.h5",2012,"334"
"VNP46A2.A2012334.h31v08.001.2020112195612.h5","https://ladsweb.modaps.eosdis.nasa.gov/archive/allData/5000/VNP46A2/2012/334/VNP46A2.A2012334.h31v08.001.2020112195612.h5",2012,"334"
"VNP46A2.A2012334.h31v09.001.2020112214106.h5","https://ladsweb.modaps.eosdis.nasa.gov/archive/allData/5000/VNP46A2/2012/334/VNP46A2.A2012334.h31v09.001.2020112214106.h5",2012,"334"
"VNP46A2.A2012334.h31v10.001.2020112202927.h5","https://ladsweb.modaps.eosdis.nasa.gov/archive/allData/5000/VNP46A2/2012/334/VNP46A2.A2012334.h31v10.001.2020112202927.h5",2012,"334"
"VNP46A2.A2012334.h31v11.001.2020108022817.h5","https://ladsweb.modaps.eosdis.nasa.gov/archive/allData/5000/VNP46A2/2012/334/VNP46A2.A2012334.h31v11.001.2020108022817.h5",2012,"334"
"VNP46A2.A2012334.h31v12.001.2020112221555.h5","https://ladsweb.modaps.eosdis.nasa.gov/archive/allData/5000/VNP46A2/2012/334/VNP46A2.A2012334.h31v12.001.2020112221555.h5",2012,"334"
"VNP46A2.A2012334.h31v15.001.2020112215502.h5","https://ladsweb.modaps.eosdis.nasa.gov/archive/allData/5000/VNP46A2/2012/334/VNP46A2.A2012334.h31v15.001.2020112215502.h5",2012,"334"
"VNP46A2.A2012334.h32v01.001.2020108001423.h5","https://ladsweb.modaps.eosdis.nasa.gov/archive/allData/5000/VNP46A2/2012/334/VNP46A2.A2012334.h32v01.001.2020108001423.h5",2012,"334"
"VNP46A2.A2012334.h32v02.001.2020108012448.h5","https://ladsweb.modaps.eosdis.nasa.gov/archive/allData/5000/VNP46A2/2012/334/VNP46A2.A2012334.h32v02.001.2020108012448.h5",2012,"334"
"VNP46A2.A2012334.h32v03.001.2020107232905.h5","https://ladsweb.modaps.eosdis.nasa.gov/archive/allData/5000/VNP46A2/2012/334/VNP46A2.A2012334.h32v03.001.2020107232905.h5",2012,"334"
"VNP46A2.A2012334.h32v04.001.2020107221828.h5","https://ladsweb.modaps.eosdis.nasa.gov/archive/allData/5000/VNP46A2/2012/334/VNP46A2.A2012334.h32v04.001.2020107221828.h5",2012,"334"
"VNP46A2.A2012334.h32v05.001.2020112164257.h5","https://ladsweb.modaps.eosdis.nasa.gov/archive/allData/5000/VNP46A2/2012/334/VNP46A2.A2012334.h32v05.001.2020112164257.h5",2012,"334"
"VNP46A2.A2012334.h32v07.001.2020112195356.h5","https://ladsweb.modaps.eosdis.nasa.gov/archive/allData/5000/VNP46A2/2012/334/VNP46A2.A2012334.h32v07.001.2020112195356.h5",2012,"334"
"VNP46A2.A2012334.h32v08.001.2020112164425.h5","https://ladsweb.modaps.eosdis.nasa.gov/archive/allData/5000/VNP46A2/2012/334/VNP46A2.A2012334.h32v08.001.2020112164425.h5",2012,"334"
"VNP46A2.A2012334.h32v09.001.2020112200957.h5","https://ladsweb.modaps.eosdis.nasa.gov/archive/allData/5000/VNP46A2/2012/334/VNP46A2.A2012334.h32v09.001.2020112200957.h5",2012,"334"
"VNP46A2.A2012334.h32v10.001.2020112195045.h5","https://ladsweb.modaps.eosdis.nasa.gov/archive/allData/5000/VNP46A2/2012/334/VNP46A2.A2012334.h32v10.001.2020112195045.h5",2012,"334"
"VNP46A2.A2012334.h32v11.001.2020112230548.h5","https://ladsweb.modaps.eosdis.nasa.gov/archive/allData/5000/VNP46A2/2012/334/VNP46A2.A2012334.h32v11.001.2020112230548.h5",2012,"334"
"VNP46A2.A2012334.h32v12.001.2020112224537.h5","https://ladsweb.modaps.eosdis.nasa.gov/archive/allData/5000/VNP46A2/2012/334/VNP46A2.A2012334.h32v12.001.2020112224537.h5",2012,"334"
"VNP46A2.A2012334.h32v13.001.2020107215243.h5","https://ladsweb.modaps.eosdis.nasa.gov/archive/allData/5000/VNP46A2/2012/334/VNP46A2.A2012334.h32v13.001.2020107215243.h5",2012,"334"
"VNP46A2.A2012334.h32v15.001.2020112213853.h5","https://ladsweb.modaps.eosdis.nasa.gov/archive/allData/5000/VNP46A2/2012/334/VNP46A2.A2012334.h32v15.001.2020112213853.h5",2012,"334"
"VNP46A2.A2012334.h33v01.001.2020107210803.h5","https://ladsweb.modaps.eosdis.nasa.gov/archive/allData/5000/VNP46A2/2012/334/VNP46A2.A2012334.h33v01.001.2020107210803.h5",2012,"334"
"VNP46A2.A2012334.h33v02.001.2020108012237.h5","https://ladsweb.modaps.eosdis.nasa.gov/archive/allData/5000/VNP46A2/2012/334/VNP46A2.A2012334.h33v02.001.2020108012237.h5",2012,"334"
"VNP46A2.A2012334.h33v03.001.2020112185944.h5","https://ladsweb.modaps.eosdis.nasa.gov/archive/allData/5000/VNP46A2/2012/334/VNP46A2.A2012334.h33v03.001.2020112185944.h5",2012,"334"
"VNP46A2.A2012334.h33v04.001.2020112182947.h5","https://ladsweb.modaps.eosdis.nasa.gov/archive/allData/5000/VNP46A2/2012/334/VNP46A2.A2012334.h33v04.001.2020112182947.h5",2012,"334"
"VNP46A2.A2012334.h33v08.001.2020112163654.h5","https://ladsweb.modaps.eosdis.nasa.gov/archive/allData/5000/VNP46A2/2012/334/VNP46A2.A2012334.h33v08.001.2020112163654.h5",2012,"334"
"VNP46A2.A2012334.h33v09.001.2020107215559.h5","https://ladsweb.modaps.eosdis.nasa.gov/archive/allData/5000/VNP46A2/2012/334/VNP46A2.A2012334.h33v09.001.2020107215559.h5",2012,"334"
"VNP46A2.A2012334.h33v10.001.2020112162820.h5","https://ladsweb.modaps.eosdis.nasa.gov/archive/allData/5000/VNP46A2/2012/334/VNP46A2.A2012334.h33v10.001.2020112162820.h5",2012,"334"
"VNP46A2.A2012334.h33v11.001.2020112191739.h5","https://ladsweb.modaps.eosdis.nasa.gov/archive/allData/5000/VNP46A2/2012/334/VNP46A2.A2012334.h33v11.001.2020112191739.h5",2012,"334"
"VNP46A2.A2012334.h33v12.001.2020107230119.h5","https://ladsweb.modaps.eosdis.nasa.gov/archive/allData/5000/VNP46A2/2012/334/VNP46A2.A2012334.h33v12.001.2020107230119.h5",2012,"334"
"VNP46A2.A2012334.h33v15.001.2020112192056.h5","https://ladsweb.modaps.eosdis.nasa.gov/archive/allData/5000/VNP46A2/2012/334/VNP46A2.A2012334.h33v15.001.2020112192056.h5",2012,"334"
"VNP46A2.A2012334.h34v02.001.2020112213216.h5","https://ladsweb.modaps.eosdis.nasa.gov/archive/allData/5000/VNP46A2/2012/334/VNP46A2.A2012334.h34v02.001.2020112213216.h5",2012,"334"
"VNP46A2.A2012334.h34v03.001.2020112182808.h5","https://ladsweb.modaps.eosdis.nasa.gov/archive/allData/5000/VNP46A2/2012/334/VNP46A2.A2012334.h34v03.001.2020112182808.h5",2012,"334"
"VNP46A2.A2012334.h34v06.001.2020107210604.h5","https://ladsweb.modaps.eosdis.nasa.gov/archive/allData/5000/VNP46A2/2012/334/VNP46A2.A2012334.h34v06.001.2020107210604.h5",2012,"334"
"VNP46A2.A2012334.h34v07.001.2020112183440.h5","https://ladsweb.modaps.eosdis.nasa.gov/archive/allData/5000/VNP46A2/2012/334/VNP46A2.A2012334.h34v07.001.2020112183440.h5",2012,"334"
"VNP46A2.A2012334.h34v08.001.2020107220652.h5","https://ladsweb.modaps.eosdis.nasa.gov/archive/allData/5000/VNP46A2/2012/334/VNP46A2.A2012334.h34v08.001.2020107220652.h5",2012,"334"
"VNP46A2.A2012334.h34v09.001.2020112172314.h5","https://ladsweb.modaps.eosdis.nasa.gov/archive/allData/5000/VNP46A2/2012/334/VNP46A2.A2012334.h34v09.001.2020112172314.h5",2012,"334"
"VNP46A2.A2012334.h34v10.001.2020112185915.h5","https://ladsweb.modaps.eosdis.nasa.gov/archive/allData/5000/VNP46A2/2012/334/VNP46A2.A2012334.h34v10.001.2020112185915.h5",2012,"334"
"VNP46A2.A2012334.h34v11.001.2020112175741.h5","https://ladsweb.modaps.eosdis.nasa.gov/archive/allData/5000/VNP46A2/2012/334/VNP46A2.A2012334.h34v11.001.2020112175741.h5",2012,"334"
"VNP46A2.A2012334.h34v13.001.2020112174057.h5","https://ladsweb.modaps.eosdis.nasa.gov/archive/allData/5000/VNP46A2/2012/334/VNP46A2.A2012334.h34v13.001.2020112174057.h5",2012,"334"
"VNP46A2.A2012334.h34v14.001.2020107222326.h5","https://ladsweb.modaps.eosdis.nasa.gov/archive/allData/5000/VNP46A2/2012/334/VNP46A2.A2012334.h34v14.001.2020107222326.h5",2012,"334"
"VNP46A2.A2012334.h34v15.001.2020113180507.h5","https://ladsweb.modaps.eosdis.nasa.gov/archive/allData/5000/VNP46A2/2012/334/VNP46A2.A2012334.h34v15.001.2020113180507.h5",2012,"334"
"VNP46A2.A2012334.h35v01.001.2020107220007.h5","https://ladsweb.modaps.eosdis.nasa.gov/archive/allData/5000/VNP46A2/2012/334/VNP46A2.A2012334.h35v01.001.2020107220007.h5",2012,"334"
"VNP46A2.A2012334.h35v02.001.2020112214503.h5","https://ladsweb.modaps.eosdis.nasa.gov/archive/allData/5000/VNP46A2/2012/334/VNP46A2.A2012334.h35v02.001.2020112214503.h5",2012,"334"
"VNP46A2.A2012334.h35v03.001.2020112201450.h5","https://ladsweb.modaps.eosdis.nasa.gov/archive/allData/5000/VNP46A2/2012/334/VNP46A2.A2012334.h35v03.001.2020112201450.h5",2012,"334"
"VNP46A2.A2012334.h35v08.001.2020107211156.h5","https://ladsweb.modaps.eosdis.nasa.gov/archive/allData/5000/VNP46A2/2012/334/VNP46A2.A2012334.h35v08.001.2020107211156.h5",2012,"334"
"VNP46A2.A2012334.h35v09.001.2020107214311.h5","https://ladsweb.modaps.eosdis.nasa.gov/archive/allData/5000/VNP46A2/2012/334/VNP46A2.A2012334.h35v09.001.2020107214311.h5",2012,"334"
"VNP46A2.A2012334.h35v10.001.2020112204446.h5","https://ladsweb.modaps.eosdis.nasa.gov/archive/allData/5000/VNP46A2/2012/334/VNP46A2.A2012334.h35v10.001.2020112204446.h5",2012,"334"
"VNP46A2.A2012334.h35v11.001.2020112175646.h5","https://ladsweb.modaps.eosdis.nasa.gov/archive/allData/5000/VNP46A2/2012/334/VNP46A2.A2012334.h35v11.001.2020112175646.h5",2012,"334"
"VNP46A2.A2012334.h35v12.001.2020112191732.h5","https://ladsweb.modaps.eosdis.nasa.gov/archive/allData/5000/VNP46A2/2012/334/VNP46A2.A2012334.h35v12.001.2020112191732.h5",2012,"334"
"VNP46A2.A2012334.h35v13.001.2020107224224.h5","https://ladsweb.modaps.eosdis.nasa.gov/archive/allData/5000/VNP46A2/2012/334/VNP46A2.A2012334.h35v13.001.2020107224224.h5",2012,"334"
