"name","downloadsLink","year","day"
"VNP46A2.A2012307.h00v01.001.2020112200845.h5","https://ladsweb.modaps.eosdis.nasa.gov/archive/allData/5000/VNP46A2/2012/307/VNP46A2.A2012307.h00v01.001.2020112200845.h5",2012,"307"
"VNP46A2.A2012307.h00v02.001.2020112214233.h5","https://ladsweb.modaps.eosdis.nasa.gov/archive/allData/5000/VNP46A2/2012/307/VNP46A2.A2012307.h00v02.001.2020112214233.h5",2012,"307"
"VNP46A2.A2012307.h00v03.001.2020112202036.h5","https://ladsweb.modaps.eosdis.nasa.gov/archive/allData/5000/VNP46A2/2012/307/VNP46A2.A2012307.h00v03.001.2020112202036.h5",2012,"307"
"VNP46A2.A2012307.h00v06.001.2020112205137.h5","https://ladsweb.modaps.eosdis.nasa.gov/archive/allData/5000/VNP46A2/2012/307/VNP46A2.A2012307.h00v06.001.2020112205137.h5",2012,"307"
"VNP46A2.A2012307.h00v09.001.2020112205717.h5","https://ladsweb.modaps.eosdis.nasa.gov/archive/allData/5000/VNP46A2/2012/307/VNP46A2.A2012307.h00v09.001.2020112205717.h5",2012,"307"
"VNP46A2.A2012307.h00v10.001.2020112191202.h5","https://ladsweb.modaps.eosdis.nasa.gov/archive/allData/5000/VNP46A2/2012/307/VNP46A2.A2012307.h00v10.001.2020112191202.h5",2012,"307"
"VNP46A2.A2012307.h00v11.001.2020112173750.h5","https://ladsweb.modaps.eosdis.nasa.gov/archive/allData/5000/VNP46A2/2012/307/VNP46A2.A2012307.h00v11.001.2020112173750.h5",2012,"307"
"VNP46A2.A2012307.h00v13.001.2020107213413.h5","https://ladsweb.modaps.eosdis.nasa.gov/archive/allData/5000/VNP46A2/2012/307/VNP46A2.A2012307.h00v13.001.2020107213413.h5",2012,"307"
"VNP46A2.A2012307.h00v14.001.2020112205946.h5","https://ladsweb.modaps.eosdis.nasa.gov/archive/allData/5000/VNP46A2/2012/307/VNP46A2.A2012307.h00v14.001.2020112205946.h5",2012,"307"
"VNP46A2.A2012307.h00v15.001.2020112174144.h5","https://ladsweb.modaps.eosdis.nasa.gov/archive/allData/5000/VNP46A2/2012/307/VNP46A2.A2012307.h00v15.001.2020112174144.h5",2012,"307"
"VNP46A2.A2012307.h00v16.001.2020113191309.h5","https://ladsweb.modaps.eosdis.nasa.gov/archive/allData/5000/VNP46A2/2012/307/VNP46A2.A2012307.h00v16.001.2020113191309.h5",2012,"307"
"VNP46A2.A2012307.h01v02.001.2020112214653.h5","https://ladsweb.modaps.eosdis.nasa.gov/archive/allData/5000/VNP46A2/2012/307/VNP46A2.A2012307.h01v02.001.2020112214653.h5",2012,"307"
"VNP46A2.A2012307.h01v03.001.2020112214215.h5","https://ladsweb.modaps.eosdis.nasa.gov/archive/allData/5000/VNP46A2/2012/307/VNP46A2.A2012307.h01v03.001.2020112214215.h5",2012,"307"
"VNP46A2.A2012307.h01v06.001.2020107211616.h5","https://ladsweb.modaps.eosdis.nasa.gov/archive/allData/5000/VNP46A2/2012/307/VNP46A2.A2012307.h01v06.001.2020107211616.h5",2012,"307"
"VNP46A2.A2012307.h01v08.001.2020112202855.h5","https://ladsweb.modaps.eosdis.nasa.gov/archive/allData/5000/VNP46A2/2012/307/VNP46A2.A2012307.h01v08.001.2020112202855.h5",2012,"307"
"VNP46A2.A2012307.h01v16.001.2020112211603.h5","https://ladsweb.modaps.eosdis.nasa.gov/archive/allData/5000/VNP46A2/2012/307/VNP46A2.A2012307.h01v16.001.2020112211603.h5",2012,"307"
"VNP46A2.A2012307.h02v01.001.2020112210550.h5","https://ladsweb.modaps.eosdis.nasa.gov/archive/allData/5000/VNP46A2/2012/307/VNP46A2.A2012307.h02v01.001.2020112210550.h5",2012,"307"
"VNP46A2.A2012307.h02v02.001.2020112223533.h5","https://ladsweb.modaps.eosdis.nasa.gov/archive/allData/5000/VNP46A2/2012/307/VNP46A2.A2012307.h02v02.001.2020112223533.h5",2012,"307"
"VNP46A2.A2012307.h02v03.001.2020107225040.h5","https://ladsweb.modaps.eosdis.nasa.gov/archive/allData/5000/VNP46A2/2012/307/VNP46A2.A2012307.h02v03.001.2020107225040.h5",2012,"307"
"VNP46A2.A2012307.h02v06.001.2020112200803.h5","https://ladsweb.modaps.eosdis.nasa.gov/archive/allData/5000/VNP46A2/2012/307/VNP46A2.A2012307.h02v06.001.2020112200803.h5",2012,"307"
"VNP46A2.A2012307.h02v07.001.2020113173955.h5","https://ladsweb.modaps.eosdis.nasa.gov/archive/allData/5000/VNP46A2/2012/307/VNP46A2.A2012307.h02v07.001.2020113173955.h5",2012,"307"
"VNP46A2.A2012307.h02v08.001.2020112193147.h5","https://ladsweb.modaps.eosdis.nasa.gov/archive/allData/5000/VNP46A2/2012/307/VNP46A2.A2012307.h02v08.001.2020112193147.h5",2012,"307"
"VNP46A2.A2012307.h02v10.001.2020112172637.h5","https://ladsweb.modaps.eosdis.nasa.gov/archive/allData/5000/VNP46A2/2012/307/VNP46A2.A2012307.h02v10.001.2020112172637.h5",2012,"307"
"VNP46A2.A2012307.h02v16.001.2020112220016.h5","https://ladsweb.modaps.eosdis.nasa.gov/archive/allData/5000/VNP46A2/2012/307/VNP46A2.A2012307.h02v16.001.2020112220016.h5",2012,"307"
"VNP46A2.A2012307.h03v02.001.2020113000509.h5","https://ladsweb.modaps.eosdis.nasa.gov/archive/allData/5000/VNP46A2/2012/307/VNP46A2.A2012307.h03v02.001.2020113000509.h5",2012,"307"
"VNP46A2.A2012307.h03v03.001.2020112204331.h5","https://ladsweb.modaps.eosdis.nasa.gov/archive/allData/5000/VNP46A2/2012/307/VNP46A2.A2012307.h03v03.001.2020112204331.h5",2012,"307"
"VNP46A2.A2012307.h03v09.001.2020112172549.h5","https://ladsweb.modaps.eosdis.nasa.gov/archive/allData/5000/VNP46A2/2012/307/VNP46A2.A2012307.h03v09.001.2020112172549.h5",2012,"307"
"VNP46A2.A2012307.h03v10.001.2020112181056.h5","https://ladsweb.modaps.eosdis.nasa.gov/archive/allData/5000/VNP46A2/2012/307/VNP46A2.A2012307.h03v10.001.2020112181056.h5",2012,"307"
"VNP46A2.A2012307.h03v11.001.2020107210649.h5","https://ladsweb.modaps.eosdis.nasa.gov/archive/allData/5000/VNP46A2/2012/307/VNP46A2.A2012307.h03v11.001.2020107210649.h5",2012,"307"
"VNP46A2.A2012307.h03v16.001.2020107233331.h5","https://ladsweb.modaps.eosdis.nasa.gov/archive/allData/5000/VNP46A2/2012/307/VNP46A2.A2012307.h03v16.001.2020107233331.h5",2012,"307"
"VNP46A2.A2012307.h04v02.001.2020113000439.h5","https://ladsweb.modaps.eosdis.nasa.gov/archive/allData/5000/VNP46A2/2012/307/VNP46A2.A2012307.h04v02.001.2020113000439.h5",2012,"307"
"VNP46A2.A2012307.h04v03.001.2020113193637.h5","https://ladsweb.modaps.eosdis.nasa.gov/archive/allData/5000/VNP46A2/2012/307/VNP46A2.A2012307.h04v03.001.2020113193637.h5",2012,"307"
"VNP46A2.A2012307.h04v09.001.2020112213618.h5","https://ladsweb.modaps.eosdis.nasa.gov/archive/allData/5000/VNP46A2/2012/307/VNP46A2.A2012307.h04v09.001.2020112213618.h5",2012,"307"
"VNP46A2.A2012307.h04v10.001.2020112181120.h5","https://ladsweb.modaps.eosdis.nasa.gov/archive/allData/5000/VNP46A2/2012/307/VNP46A2.A2012307.h04v10.001.2020112181120.h5",2012,"307"
"VNP46A2.A2012307.h04v11.001.2020112213717.h5","https://ladsweb.modaps.eosdis.nasa.gov/archive/allData/5000/VNP46A2/2012/307/VNP46A2.A2012307.h04v11.001.2020112213717.h5",2012,"307"
"VNP46A2.A2012307.h04v16.001.2020112205608.h5","https://ladsweb.modaps.eosdis.nasa.gov/archive/allData/5000/VNP46A2/2012/307/VNP46A2.A2012307.h04v16.001.2020112205608.h5",2012,"307"
"VNP46A2.A2012307.h05v01.001.2020112213025.h5","https://ladsweb.modaps.eosdis.nasa.gov/archive/allData/5000/VNP46A2/2012/307/VNP46A2.A2012307.h05v01.001.2020112213025.h5",2012,"307"
"VNP46A2.A2012307.h05v02.001.2020112223759.h5","https://ladsweb.modaps.eosdis.nasa.gov/archive/allData/5000/VNP46A2/2012/307/VNP46A2.A2012307.h05v02.001.2020112223759.h5",2012,"307"
"VNP46A2.A2012307.h05v03.001.2020112203544.h5","https://ladsweb.modaps.eosdis.nasa.gov/archive/allData/5000/VNP46A2/2012/307/VNP46A2.A2012307.h05v03.001.2020112203544.h5",2012,"307"
"VNP46A2.A2012307.h05v04.001.2020112215818.h5","https://ladsweb.modaps.eosdis.nasa.gov/archive/allData/5000/VNP46A2/2012/307/VNP46A2.A2012307.h05v04.001.2020112215818.h5",2012,"307"
"VNP46A2.A2012307.h05v05.001.2020107213836.h5","https://ladsweb.modaps.eosdis.nasa.gov/archive/allData/5000/VNP46A2/2012/307/VNP46A2.A2012307.h05v05.001.2020107213836.h5",2012,"307"
"VNP46A2.A2012307.h05v16.001.2020112221039.h5","https://ladsweb.modaps.eosdis.nasa.gov/archive/allData/5000/VNP46A2/2012/307/VNP46A2.A2012307.h05v16.001.2020112221039.h5",2012,"307"
"VNP46A2.A2012307.h06v01.001.2020112214835.h5","https://ladsweb.modaps.eosdis.nasa.gov/archive/allData/5000/VNP46A2/2012/307/VNP46A2.A2012307.h06v01.001.2020112214835.h5",2012,"307"
"VNP46A2.A2012307.h06v02.001.2020113000428.h5","https://ladsweb.modaps.eosdis.nasa.gov/archive/allData/5000/VNP46A2/2012/307/VNP46A2.A2012307.h06v02.001.2020113000428.h5",2012,"307"
"VNP46A2.A2012307.h06v03.001.2020108020801.h5","https://ladsweb.modaps.eosdis.nasa.gov/archive/allData/5000/VNP46A2/2012/307/VNP46A2.A2012307.h06v03.001.2020108020801.h5",2012,"307"
"VNP46A2.A2012307.h06v04.001.2020113004632.h5","https://ladsweb.modaps.eosdis.nasa.gov/archive/allData/5000/VNP46A2/2012/307/VNP46A2.A2012307.h06v04.001.2020113004632.h5",2012,"307"
"VNP46A2.A2012307.h06v05.001.2020113000356.h5","https://ladsweb.modaps.eosdis.nasa.gov/archive/allData/5000/VNP46A2/2012/307/VNP46A2.A2012307.h06v05.001.2020113000356.h5",2012,"307"
"VNP46A2.A2012307.h06v06.001.2020112195952.h5","https://ladsweb.modaps.eosdis.nasa.gov/archive/allData/5000/VNP46A2/2012/307/VNP46A2.A2012307.h06v06.001.2020112195952.h5",2012,"307"
"VNP46A2.A2012307.h06v16.001.2020113191802.h5","https://ladsweb.modaps.eosdis.nasa.gov/archive/allData/5000/VNP46A2/2012/307/VNP46A2.A2012307.h06v16.001.2020113191802.h5",2012,"307"
"VNP46A2.A2012307.h07v01.001.2020112201427.h5","https://ladsweb.modaps.eosdis.nasa.gov/archive/allData/5000/VNP46A2/2012/307/VNP46A2.A2012307.h07v01.001.2020112201427.h5",2012,"307"
"VNP46A2.A2012307.h07v02.001.2020108015848.h5","https://ladsweb.modaps.eosdis.nasa.gov/archive/allData/5000/VNP46A2/2012/307/VNP46A2.A2012307.h07v02.001.2020108015848.h5",2012,"307"
"VNP46A2.A2012307.h07v03.001.2020113000408.h5","https://ladsweb.modaps.eosdis.nasa.gov/archive/allData/5000/VNP46A2/2012/307/VNP46A2.A2012307.h07v03.001.2020113000408.h5",2012,"307"
"VNP46A2.A2012307.h07v04.001.2020113001546.h5","https://ladsweb.modaps.eosdis.nasa.gov/archive/allData/5000/VNP46A2/2012/307/VNP46A2.A2012307.h07v04.001.2020113001546.h5",2012,"307"
"VNP46A2.A2012307.h07v05.001.2020113004624.h5","https://ladsweb.modaps.eosdis.nasa.gov/archive/allData/5000/VNP46A2/2012/307/VNP46A2.A2012307.h07v05.001.2020113004624.h5",2012,"307"
"VNP46A2.A2012307.h07v06.001.2020113000404.h5","https://ladsweb.modaps.eosdis.nasa.gov/archive/allData/5000/VNP46A2/2012/307/VNP46A2.A2012307.h07v06.001.2020113000404.h5",2012,"307"
"VNP46A2.A2012307.h07v07.001.2020107223310.h5","https://ladsweb.modaps.eosdis.nasa.gov/archive/allData/5000/VNP46A2/2012/307/VNP46A2.A2012307.h07v07.001.2020107223310.h5",2012,"307"
"VNP46A2.A2012307.h07v16.001.2020112220631.h5","https://ladsweb.modaps.eosdis.nasa.gov/archive/allData/5000/VNP46A2/2012/307/VNP46A2.A2012307.h07v16.001.2020112220631.h5",2012,"307"
"VNP46A2.A2012307.h08v00.001.2020112212959.h5","https://ladsweb.modaps.eosdis.nasa.gov/archive/allData/5000/VNP46A2/2012/307/VNP46A2.A2012307.h08v00.001.2020112212959.h5",2012,"307"
"VNP46A2.A2012307.h08v01.001.2020112224509.h5","https://ladsweb.modaps.eosdis.nasa.gov/archive/allData/5000/VNP46A2/2012/307/VNP46A2.A2012307.h08v01.001.2020112224509.h5",2012,"307"
"VNP46A2.A2012307.h08v02.001.2020112231834.h5","https://ladsweb.modaps.eosdis.nasa.gov/archive/allData/5000/VNP46A2/2012/307/VNP46A2.A2012307.h08v02.001.2020112231834.h5",2012,"307"
"VNP46A2.A2012307.h08v03.001.2020112232707.h5","https://ladsweb.modaps.eosdis.nasa.gov/archive/allData/5000/VNP46A2/2012/307/VNP46A2.A2012307.h08v03.001.2020112232707.h5",2012,"307"
"VNP46A2.A2012307.h08v04.001.2020113010940.h5","https://ladsweb.modaps.eosdis.nasa.gov/archive/allData/5000/VNP46A2/2012/307/VNP46A2.A2012307.h08v04.001.2020113010940.h5",2012,"307"
"VNP46A2.A2012307.h08v05.001.2020113213213.h5","https://ladsweb.modaps.eosdis.nasa.gov/archive/allData/5000/VNP46A2/2012/307/VNP46A2.A2012307.h08v05.001.2020113213213.h5",2012,"307"
"VNP46A2.A2012307.h08v06.001.2020108010122.h5","https://ladsweb.modaps.eosdis.nasa.gov/archive/allData/5000/VNP46A2/2012/307/VNP46A2.A2012307.h08v06.001.2020108010122.h5",2012,"307"
"VNP46A2.A2012307.h08v07.001.2020112211343.h5","https://ladsweb.modaps.eosdis.nasa.gov/archive/allData/5000/VNP46A2/2012/307/VNP46A2.A2012307.h08v07.001.2020112211343.h5",2012,"307"
"VNP46A2.A2012307.h08v08.001.2020113171856.h5","https://ladsweb.modaps.eosdis.nasa.gov/archive/allData/5000/VNP46A2/2012/307/VNP46A2.A2012307.h08v08.001.2020113171856.h5",2012,"307"
"VNP46A2.A2012307.h08v09.001.2020112191143.h5","https://ladsweb.modaps.eosdis.nasa.gov/archive/allData/5000/VNP46A2/2012/307/VNP46A2.A2012307.h08v09.001.2020112191143.h5",2012,"307"
"VNP46A2.A2012307.h08v16.001.2020112211430.h5","https://ladsweb.modaps.eosdis.nasa.gov/archive/allData/5000/VNP46A2/2012/307/VNP46A2.A2012307.h08v16.001.2020112211430.h5",2012,"307"
"VNP46A2.A2012307.h09v00.001.2020112214933.h5","https://ladsweb.modaps.eosdis.nasa.gov/archive/allData/5000/VNP46A2/2012/307/VNP46A2.A2012307.h09v00.001.2020112214933.h5",2012,"307"
"VNP46A2.A2012307.h09v01.001.2020112210928.h5","https://ladsweb.modaps.eosdis.nasa.gov/archive/allData/5000/VNP46A2/2012/307/VNP46A2.A2012307.h09v01.001.2020112210928.h5",2012,"307"
"VNP46A2.A2012307.h09v02.001.2020107231802.h5","https://ladsweb.modaps.eosdis.nasa.gov/archive/allData/5000/VNP46A2/2012/307/VNP46A2.A2012307.h09v02.001.2020107231802.h5",2012,"307"
"VNP46A2.A2012307.h09v03.001.2020112210305.h5","https://ladsweb.modaps.eosdis.nasa.gov/archive/allData/5000/VNP46A2/2012/307/VNP46A2.A2012307.h09v03.001.2020112210305.h5",2012,"307"
"VNP46A2.A2012307.h09v04.001.2020113005404.h5","https://ladsweb.modaps.eosdis.nasa.gov/archive/allData/5000/VNP46A2/2012/307/VNP46A2.A2012307.h09v04.001.2020113005404.h5",2012,"307"
"VNP46A2.A2012307.h09v05.001.2020112233359.h5","https://ladsweb.modaps.eosdis.nasa.gov/archive/allData/5000/VNP46A2/2012/307/VNP46A2.A2012307.h09v05.001.2020112233359.h5",2012,"307"
"VNP46A2.A2012307.h09v06.001.2020112200816.h5","https://ladsweb.modaps.eosdis.nasa.gov/archive/allData/5000/VNP46A2/2012/307/VNP46A2.A2012307.h09v06.001.2020112200816.h5",2012,"307"
"VNP46A2.A2012307.h09v07.001.2020112211645.h5","https://ladsweb.modaps.eosdis.nasa.gov/archive/allData/5000/VNP46A2/2012/307/VNP46A2.A2012307.h09v07.001.2020112211645.h5",2012,"307"
"VNP46A2.A2012307.h09v08.001.2020112194110.h5","https://ladsweb.modaps.eosdis.nasa.gov/archive/allData/5000/VNP46A2/2012/307/VNP46A2.A2012307.h09v08.001.2020112194110.h5",2012,"307"
"VNP46A2.A2012307.h09v09.001.2020112214628.h5","https://ladsweb.modaps.eosdis.nasa.gov/archive/allData/5000/VNP46A2/2012/307/VNP46A2.A2012307.h09v09.001.2020112214628.h5",2012,"307"
"VNP46A2.A2012307.h09v16.001.2020112221723.h5","https://ladsweb.modaps.eosdis.nasa.gov/archive/allData/5000/VNP46A2/2012/307/VNP46A2.A2012307.h09v16.001.2020112221723.h5",2012,"307"
"VNP46A2.A2012307.h10v00.001.2020107222807.h5","https://ladsweb.modaps.eosdis.nasa.gov/archive/allData/5000/VNP46A2/2012/307/VNP46A2.A2012307.h10v00.001.2020107222807.h5",2012,"307"
"VNP46A2.A2012307.h10v01.001.2020108002522.h5","https://ladsweb.modaps.eosdis.nasa.gov/archive/allData/5000/VNP46A2/2012/307/VNP46A2.A2012307.h10v01.001.2020108002522.h5",2012,"307"
"VNP46A2.A2012307.h10v02.001.2020112210122.h5","https://ladsweb.modaps.eosdis.nasa.gov/archive/allData/5000/VNP46A2/2012/307/VNP46A2.A2012307.h10v02.001.2020112210122.h5",2012,"307"
"VNP46A2.A2012307.h10v03.001.2020112215812.h5","https://ladsweb.modaps.eosdis.nasa.gov/archive/allData/5000/VNP46A2/2012/307/VNP46A2.A2012307.h10v03.001.2020112215812.h5",2012,"307"
"VNP46A2.A2012307.h10v04.001.2020108001654.h5","https://ladsweb.modaps.eosdis.nasa.gov/archive/allData/5000/VNP46A2/2012/307/VNP46A2.A2012307.h10v04.001.2020108001654.h5",2012,"307"
"VNP46A2.A2012307.h10v05.001.2020112214635.h5","https://ladsweb.modaps.eosdis.nasa.gov/archive/allData/5000/VNP46A2/2012/307/VNP46A2.A2012307.h10v05.001.2020112214635.h5",2012,"307"
"VNP46A2.A2012307.h10v06.001.2020112211541.h5","https://ladsweb.modaps.eosdis.nasa.gov/archive/allData/5000/VNP46A2/2012/307/VNP46A2.A2012307.h10v06.001.2020112211541.h5",2012,"307"
"VNP46A2.A2012307.h10v07.001.2020107224336.h5","https://ladsweb.modaps.eosdis.nasa.gov/archive/allData/5000/VNP46A2/2012/307/VNP46A2.A2012307.h10v07.001.2020107224336.h5",2012,"307"
"VNP46A2.A2012307.h10v08.001.2020112231140.h5","https://ladsweb.modaps.eosdis.nasa.gov/archive/allData/5000/VNP46A2/2012/307/VNP46A2.A2012307.h10v08.001.2020112231140.h5",2012,"307"
"VNP46A2.A2012307.h10v09.001.2020108014031.h5","https://ladsweb.modaps.eosdis.nasa.gov/archive/allData/5000/VNP46A2/2012/307/VNP46A2.A2012307.h10v09.001.2020108014031.h5",2012,"307"
"VNP46A2.A2012307.h10v10.001.2020112225853.h5","https://ladsweb.modaps.eosdis.nasa.gov/archive/allData/5000/VNP46A2/2012/307/VNP46A2.A2012307.h10v10.001.2020112225853.h5",2012,"307"
"VNP46A2.A2012307.h10v11.001.2020107213347.h5","https://ladsweb.modaps.eosdis.nasa.gov/archive/allData/5000/VNP46A2/2012/307/VNP46A2.A2012307.h10v11.001.2020107213347.h5",2012,"307"
"VNP46A2.A2012307.h10v12.001.2020107213050.h5","https://ladsweb.modaps.eosdis.nasa.gov/archive/allData/5000/VNP46A2/2012/307/VNP46A2.A2012307.h10v12.001.2020107213050.h5",2012,"307"
"VNP46A2.A2012307.h10v13.001.2020112224153.h5","https://ladsweb.modaps.eosdis.nasa.gov/archive/allData/5000/VNP46A2/2012/307/VNP46A2.A2012307.h10v13.001.2020112224153.h5",2012,"307"
"VNP46A2.A2012307.h10v14.001.2020113175945.h5","https://ladsweb.modaps.eosdis.nasa.gov/archive/allData/5000/VNP46A2/2012/307/VNP46A2.A2012307.h10v14.001.2020113175945.h5",2012,"307"
"VNP46A2.A2012307.h10v15.001.2020112213256.h5","https://ladsweb.modaps.eosdis.nasa.gov/archive/allData/5000/VNP46A2/2012/307/VNP46A2.A2012307.h10v15.001.2020112213256.h5",2012,"307"
"VNP46A2.A2012307.h10v16.001.2020112223343.h5","https://ladsweb.modaps.eosdis.nasa.gov/archive/allData/5000/VNP46A2/2012/307/VNP46A2.A2012307.h10v16.001.2020112223343.h5",2012,"307"
"VNP46A2.A2012307.h11v00.001.2020112204709.h5","https://ladsweb.modaps.eosdis.nasa.gov/archive/allData/5000/VNP46A2/2012/307/VNP46A2.A2012307.h11v00.001.2020112204709.h5",2012,"307"
"VNP46A2.A2012307.h11v01.001.2020112223417.h5","https://ladsweb.modaps.eosdis.nasa.gov/archive/allData/5000/VNP46A2/2012/307/VNP46A2.A2012307.h11v01.001.2020112223417.h5",2012,"307"
"VNP46A2.A2012307.h11v02.001.2020112215501.h5","https://ladsweb.modaps.eosdis.nasa.gov/archive/allData/5000/VNP46A2/2012/307/VNP46A2.A2012307.h11v02.001.2020112215501.h5",2012,"307"
"VNP46A2.A2012307.h11v03.001.2020112230944.h5","https://ladsweb.modaps.eosdis.nasa.gov/archive/allData/5000/VNP46A2/2012/307/VNP46A2.A2012307.h11v03.001.2020112230944.h5",2012,"307"
"VNP46A2.A2012307.h11v04.001.2020112221345.h5","https://ladsweb.modaps.eosdis.nasa.gov/archive/allData/5000/VNP46A2/2012/307/VNP46A2.A2012307.h11v04.001.2020112221345.h5",2012,"307"
"VNP46A2.A2012307.h11v05.001.2020107220827.h5","https://ladsweb.modaps.eosdis.nasa.gov/archive/allData/5000/VNP46A2/2012/307/VNP46A2.A2012307.h11v05.001.2020107220827.h5",2012,"307"
"VNP46A2.A2012307.h11v07.001.2020112214047.h5","https://ladsweb.modaps.eosdis.nasa.gov/archive/allData/5000/VNP46A2/2012/307/VNP46A2.A2012307.h11v07.001.2020112214047.h5",2012,"307"
"VNP46A2.A2012307.h11v08.001.2020112223441.h5","https://ladsweb.modaps.eosdis.nasa.gov/archive/allData/5000/VNP46A2/2012/307/VNP46A2.A2012307.h11v08.001.2020112223441.h5",2012,"307"
"VNP46A2.A2012307.h11v09.001.2020112215250.h5","https://ladsweb.modaps.eosdis.nasa.gov/archive/allData/5000/VNP46A2/2012/307/VNP46A2.A2012307.h11v09.001.2020112215250.h5",2012,"307"
"VNP46A2.A2012307.h11v10.001.2020108015550.h5","https://ladsweb.modaps.eosdis.nasa.gov/archive/allData/5000/VNP46A2/2012/307/VNP46A2.A2012307.h11v10.001.2020108015550.h5",2012,"307"
"VNP46A2.A2012307.h11v11.001.2020108054749.h5","https://ladsweb.modaps.eosdis.nasa.gov/archive/allData/5000/VNP46A2/2012/307/VNP46A2.A2012307.h11v11.001.2020108054749.h5",2012,"307"
"VNP46A2.A2012307.h11v12.001.2020113223757.h5","https://ladsweb.modaps.eosdis.nasa.gov/archive/allData/5000/VNP46A2/2012/307/VNP46A2.A2012307.h11v12.001.2020113223757.h5",2012,"307"
"VNP46A2.A2012307.h11v13.001.2020112215104.h5","https://ladsweb.modaps.eosdis.nasa.gov/archive/allData/5000/VNP46A2/2012/307/VNP46A2.A2012307.h11v13.001.2020112215104.h5",2012,"307"
"VNP46A2.A2012307.h11v14.001.2020107224350.h5","https://ladsweb.modaps.eosdis.nasa.gov/archive/allData/5000/VNP46A2/2012/307/VNP46A2.A2012307.h11v14.001.2020107224350.h5",2012,"307"
"VNP46A2.A2012307.h11v15.001.2020112214802.h5","https://ladsweb.modaps.eosdis.nasa.gov/archive/allData/5000/VNP46A2/2012/307/VNP46A2.A2012307.h11v15.001.2020112214802.h5",2012,"307"
"VNP46A2.A2012307.h11v16.001.2020112195506.h5","https://ladsweb.modaps.eosdis.nasa.gov/archive/allData/5000/VNP46A2/2012/307/VNP46A2.A2012307.h11v16.001.2020112195506.h5",2012,"307"
"VNP46A2.A2012307.h12v00.001.2020112184338.h5","https://ladsweb.modaps.eosdis.nasa.gov/archive/allData/5000/VNP46A2/2012/307/VNP46A2.A2012307.h12v00.001.2020112184338.h5",2012,"307"
"VNP46A2.A2012307.h12v01.001.2020112224232.h5","https://ladsweb.modaps.eosdis.nasa.gov/archive/allData/5000/VNP46A2/2012/307/VNP46A2.A2012307.h12v01.001.2020112224232.h5",2012,"307"
"VNP46A2.A2012307.h12v02.001.2020112192643.h5","https://ladsweb.modaps.eosdis.nasa.gov/archive/allData/5000/VNP46A2/2012/307/VNP46A2.A2012307.h12v02.001.2020112192643.h5",2012,"307"
"VNP46A2.A2012307.h12v03.001.2020112212230.h5","https://ladsweb.modaps.eosdis.nasa.gov/archive/allData/5000/VNP46A2/2012/307/VNP46A2.A2012307.h12v03.001.2020112212230.h5",2012,"307"
"VNP46A2.A2012307.h12v04.001.2020107214033.h5","https://ladsweb.modaps.eosdis.nasa.gov/archive/allData/5000/VNP46A2/2012/307/VNP46A2.A2012307.h12v04.001.2020107214033.h5",2012,"307"
"VNP46A2.A2012307.h12v07.001.2021223134513.h5","https://ladsweb.modaps.eosdis.nasa.gov/archive/allData/5000/VNP46A2/2012/307/VNP46A2.A2012307.h12v07.001.2021223134513.h5",2012,"307"
"VNP46A2.A2012307.h12v08.001.2020112204125.h5","https://ladsweb.modaps.eosdis.nasa.gov/archive/allData/5000/VNP46A2/2012/307/VNP46A2.A2012307.h12v08.001.2020112204125.h5",2012,"307"
"VNP46A2.A2012307.h12v09.001.2020113000340.h5","https://ladsweb.modaps.eosdis.nasa.gov/archive/allData/5000/VNP46A2/2012/307/VNP46A2.A2012307.h12v09.001.2020113000340.h5",2012,"307"
"VNP46A2.A2012307.h12v10.001.2020108012552.h5","https://ladsweb.modaps.eosdis.nasa.gov/archive/allData/5000/VNP46A2/2012/307/VNP46A2.A2012307.h12v10.001.2020108012552.h5",2012,"307"
"VNP46A2.A2012307.h12v11.001.2020108023739.h5","https://ladsweb.modaps.eosdis.nasa.gov/archive/allData/5000/VNP46A2/2012/307/VNP46A2.A2012307.h12v11.001.2020108023739.h5",2012,"307"
"VNP46A2.A2012307.h12v12.001.2020108020228.h5","https://ladsweb.modaps.eosdis.nasa.gov/archive/allData/5000/VNP46A2/2012/307/VNP46A2.A2012307.h12v12.001.2020108020228.h5",2012,"307"
"VNP46A2.A2012307.h12v14.001.2020112202141.h5","https://ladsweb.modaps.eosdis.nasa.gov/archive/allData/5000/VNP46A2/2012/307/VNP46A2.A2012307.h12v14.001.2020112202141.h5",2012,"307"
"VNP46A2.A2012307.h12v15.001.2020112201315.h5","https://ladsweb.modaps.eosdis.nasa.gov/archive/allData/5000/VNP46A2/2012/307/VNP46A2.A2012307.h12v15.001.2020112201315.h5",2012,"307"
"VNP46A2.A2012307.h12v16.001.2020112214757.h5","https://ladsweb.modaps.eosdis.nasa.gov/archive/allData/5000/VNP46A2/2012/307/VNP46A2.A2012307.h12v16.001.2020112214757.h5",2012,"307"
"VNP46A2.A2012307.h13v00.001.2020112212129.h5","https://ladsweb.modaps.eosdis.nasa.gov/archive/allData/5000/VNP46A2/2012/307/VNP46A2.A2012307.h13v00.001.2020112212129.h5",2012,"307"
"VNP46A2.A2012307.h13v01.001.2020112231233.h5","https://ladsweb.modaps.eosdis.nasa.gov/archive/allData/5000/VNP46A2/2012/307/VNP46A2.A2012307.h13v01.001.2020112231233.h5",2012,"307"
"VNP46A2.A2012307.h13v02.001.2020113000410.h5","https://ladsweb.modaps.eosdis.nasa.gov/archive/allData/5000/VNP46A2/2012/307/VNP46A2.A2012307.h13v02.001.2020113000410.h5",2012,"307"
"VNP46A2.A2012307.h13v08.001.2020112192427.h5","https://ladsweb.modaps.eosdis.nasa.gov/archive/allData/5000/VNP46A2/2012/307/VNP46A2.A2012307.h13v08.001.2020112192427.h5",2012,"307"
"VNP46A2.A2012307.h13v09.001.2020112205723.h5","https://ladsweb.modaps.eosdis.nasa.gov/archive/allData/5000/VNP46A2/2012/307/VNP46A2.A2012307.h13v09.001.2020112205723.h5",2012,"307"
"VNP46A2.A2012307.h13v10.001.2020108040558.h5","https://ladsweb.modaps.eosdis.nasa.gov/archive/allData/5000/VNP46A2/2012/307/VNP46A2.A2012307.h13v10.001.2020108040558.h5",2012,"307"
"VNP46A2.A2012307.h13v11.001.2020112200910.h5","https://ladsweb.modaps.eosdis.nasa.gov/archive/allData/5000/VNP46A2/2012/307/VNP46A2.A2012307.h13v11.001.2020112200910.h5",2012,"307"
"VNP46A2.A2012307.h13v15.001.2020112203620.h5","https://ladsweb.modaps.eosdis.nasa.gov/archive/allData/5000/VNP46A2/2012/307/VNP46A2.A2012307.h13v15.001.2020112203620.h5",2012,"307"
"VNP46A2.A2012307.h13v16.001.2020108003240.h5","https://ladsweb.modaps.eosdis.nasa.gov/archive/allData/5000/VNP46A2/2012/307/VNP46A2.A2012307.h13v16.001.2020108003240.h5",2012,"307"
"VNP46A2.A2012307.h14v00.001.2020112212403.h5","https://ladsweb.modaps.eosdis.nasa.gov/archive/allData/5000/VNP46A2/2012/307/VNP46A2.A2012307.h14v00.001.2020112212403.h5",2012,"307"
"VNP46A2.A2012307.h14v01.001.2020112231540.h5","https://ladsweb.modaps.eosdis.nasa.gov/archive/allData/5000/VNP46A2/2012/307/VNP46A2.A2012307.h14v01.001.2020112231540.h5",2012,"307"
"VNP46A2.A2012307.h14v02.001.2020112215459.h5","https://ladsweb.modaps.eosdis.nasa.gov/archive/allData/5000/VNP46A2/2012/307/VNP46A2.A2012307.h14v02.001.2020112215459.h5",2012,"307"
"VNP46A2.A2012307.h14v09.001.2020112214051.h5","https://ladsweb.modaps.eosdis.nasa.gov/archive/allData/5000/VNP46A2/2012/307/VNP46A2.A2012307.h14v09.001.2020112214051.h5",2012,"307"
"VNP46A2.A2012307.h14v10.001.2020112200649.h5","https://ladsweb.modaps.eosdis.nasa.gov/archive/allData/5000/VNP46A2/2012/307/VNP46A2.A2012307.h14v10.001.2020112200649.h5",2012,"307"
"VNP46A2.A2012307.h14v14.001.2020107214459.h5","https://ladsweb.modaps.eosdis.nasa.gov/archive/allData/5000/VNP46A2/2012/307/VNP46A2.A2012307.h14v14.001.2020107214459.h5",2012,"307"
"VNP46A2.A2012307.h14v16.001.2020112220304.h5","https://ladsweb.modaps.eosdis.nasa.gov/archive/allData/5000/VNP46A2/2012/307/VNP46A2.A2012307.h14v16.001.2020112220304.h5",2012,"307"
"VNP46A2.A2012307.h15v00.001.2020112210718.h5","https://ladsweb.modaps.eosdis.nasa.gov/archive/allData/5000/VNP46A2/2012/307/VNP46A2.A2012307.h15v00.001.2020112210718.h5",2012,"307"
"VNP46A2.A2012307.h15v01.001.2020112225921.h5","https://ladsweb.modaps.eosdis.nasa.gov/archive/allData/5000/VNP46A2/2012/307/VNP46A2.A2012307.h15v01.001.2020112225921.h5",2012,"307"
"VNP46A2.A2012307.h15v02.001.2020107225716.h5","https://ladsweb.modaps.eosdis.nasa.gov/archive/allData/5000/VNP46A2/2012/307/VNP46A2.A2012307.h15v02.001.2020107225716.h5",2012,"307"
"VNP46A2.A2012307.h15v05.001.2020112200834.h5","https://ladsweb.modaps.eosdis.nasa.gov/archive/allData/5000/VNP46A2/2012/307/VNP46A2.A2012307.h15v05.001.2020112200834.h5",2012,"307"
"VNP46A2.A2012307.h15v07.001.2020112191437.h5","https://ladsweb.modaps.eosdis.nasa.gov/archive/allData/5000/VNP46A2/2012/307/VNP46A2.A2012307.h15v07.001.2020112191437.h5",2012,"307"
"VNP46A2.A2012307.h15v14.001.2020112173235.h5","https://ladsweb.modaps.eosdis.nasa.gov/archive/allData/5000/VNP46A2/2012/307/VNP46A2.A2012307.h15v14.001.2020112173235.h5",2012,"307"
"VNP46A2.A2012307.h15v16.001.2020112220535.h5","https://ladsweb.modaps.eosdis.nasa.gov/archive/allData/5000/VNP46A2/2012/307/VNP46A2.A2012307.h15v16.001.2020112220535.h5",2012,"307"
"VNP46A2.A2012307.h16v00.001.2020107212516.h5","https://ladsweb.modaps.eosdis.nasa.gov/archive/allData/5000/VNP46A2/2012/307/VNP46A2.A2012307.h16v00.001.2020107212516.h5",2012,"307"
"VNP46A2.A2012307.h16v01.001.2020112191804.h5","https://ladsweb.modaps.eosdis.nasa.gov/archive/allData/5000/VNP46A2/2012/307/VNP46A2.A2012307.h16v01.001.2020112191804.h5",2012,"307"
"VNP46A2.A2012307.h16v02.001.2020112215701.h5","https://ladsweb.modaps.eosdis.nasa.gov/archive/allData/5000/VNP46A2/2012/307/VNP46A2.A2012307.h16v02.001.2020112215701.h5",2012,"307"
"VNP46A2.A2012307.h16v03.001.2020112203931.h5","https://ladsweb.modaps.eosdis.nasa.gov/archive/allData/5000/VNP46A2/2012/307/VNP46A2.A2012307.h16v03.001.2020112203931.h5",2012,"307"
"VNP46A2.A2012307.h16v05.001.2020112205859.h5","https://ladsweb.modaps.eosdis.nasa.gov/archive/allData/5000/VNP46A2/2012/307/VNP46A2.A2012307.h16v05.001.2020112205859.h5",2012,"307"
"VNP46A2.A2012307.h16v06.001.2020108000918.h5","https://ladsweb.modaps.eosdis.nasa.gov/archive/allData/5000/VNP46A2/2012/307/VNP46A2.A2012307.h16v06.001.2020108000918.h5",2012,"307"
"VNP46A2.A2012307.h16v07.001.2020112215041.h5","https://ladsweb.modaps.eosdis.nasa.gov/archive/allData/5000/VNP46A2/2012/307/VNP46A2.A2012307.h16v07.001.2020112215041.h5",2012,"307"
"VNP46A2.A2012307.h16v08.001.2020107223555.h5","https://ladsweb.modaps.eosdis.nasa.gov/archive/allData/5000/VNP46A2/2012/307/VNP46A2.A2012307.h16v08.001.2020107223555.h5",2012,"307"
"VNP46A2.A2012307.h16v12.001.2020112172345.h5","https://ladsweb.modaps.eosdis.nasa.gov/archive/allData/5000/VNP46A2/2012/307/VNP46A2.A2012307.h16v12.001.2020112172345.h5",2012,"307"
"VNP46A2.A2012307.h16v16.001.2020112222046.h5","https://ladsweb.modaps.eosdis.nasa.gov/archive/allData/5000/VNP46A2/2012/307/VNP46A2.A2012307.h16v16.001.2020112222046.h5",2012,"307"
"VNP46A2.A2012307.h17v01.001.2020113171246.h5","https://ladsweb.modaps.eosdis.nasa.gov/archive/allData/5000/VNP46A2/2012/307/VNP46A2.A2012307.h17v01.001.2020113171246.h5",2012,"307"
"VNP46A2.A2012307.h17v02.001.2020107215336.h5","https://ladsweb.modaps.eosdis.nasa.gov/archive/allData/5000/VNP46A2/2012/307/VNP46A2.A2012307.h17v02.001.2020107215336.h5",2012,"307"
"VNP46A2.A2012307.h17v03.001.2020112213427.h5","https://ladsweb.modaps.eosdis.nasa.gov/archive/allData/5000/VNP46A2/2012/307/VNP46A2.A2012307.h17v03.001.2020112213427.h5",2012,"307"
"VNP46A2.A2012307.h17v04.001.2020112210048.h5","https://ladsweb.modaps.eosdis.nasa.gov/archive/allData/5000/VNP46A2/2012/307/VNP46A2.A2012307.h17v04.001.2020112210048.h5",2012,"307"
"VNP46A2.A2012307.h17v05.001.2020112231757.h5","https://ladsweb.modaps.eosdis.nasa.gov/archive/allData/5000/VNP46A2/2012/307/VNP46A2.A2012307.h17v05.001.2020112231757.h5",2012,"307"
"VNP46A2.A2012307.h17v06.001.2020112200738.h5","https://ladsweb.modaps.eosdis.nasa.gov/archive/allData/5000/VNP46A2/2012/307/VNP46A2.A2012307.h17v06.001.2020112200738.h5",2012,"307"
"VNP46A2.A2012307.h17v07.001.2020108024108.h5","https://ladsweb.modaps.eosdis.nasa.gov/archive/allData/5000/VNP46A2/2012/307/VNP46A2.A2012307.h17v07.001.2020108024108.h5",2012,"307"
"VNP46A2.A2012307.h17v08.001.2020108011545.h5","https://ladsweb.modaps.eosdis.nasa.gov/archive/allData/5000/VNP46A2/2012/307/VNP46A2.A2012307.h17v08.001.2020108011545.h5",2012,"307"
"VNP46A2.A2012307.h17v13.001.2020107212559.h5","https://ladsweb.modaps.eosdis.nasa.gov/archive/allData/5000/VNP46A2/2012/307/VNP46A2.A2012307.h17v13.001.2020107212559.h5",2012,"307"
"VNP46A2.A2012307.h17v15.001.2020112201810.h5","https://ladsweb.modaps.eosdis.nasa.gov/archive/allData/5000/VNP46A2/2012/307/VNP46A2.A2012307.h17v15.001.2020112201810.h5",2012,"307"
"VNP46A2.A2012307.h17v16.001.2020112213812.h5","https://ladsweb.modaps.eosdis.nasa.gov/archive/allData/5000/VNP46A2/2012/307/VNP46A2.A2012307.h17v16.001.2020112213812.h5",2012,"307"
"VNP46A2.A2012307.h18v02.001.2020112221823.h5","https://ladsweb.modaps.eosdis.nasa.gov/archive/allData/5000/VNP46A2/2012/307/VNP46A2.A2012307.h18v02.001.2020112221823.h5",2012,"307"
"VNP46A2.A2012307.h18v03.001.2020112203513.h5","https://ladsweb.modaps.eosdis.nasa.gov/archive/allData/5000/VNP46A2/2012/307/VNP46A2.A2012307.h18v03.001.2020112203513.h5",2012,"307"
"VNP46A2.A2012307.h18v04.001.2020108000501.h5","https://ladsweb.modaps.eosdis.nasa.gov/archive/allData/5000/VNP46A2/2012/307/VNP46A2.A2012307.h18v04.001.2020108000501.h5",2012,"307"
"VNP46A2.A2012307.h18v05.001.2020113003553.h5","https://ladsweb.modaps.eosdis.nasa.gov/archive/allData/5000/VNP46A2/2012/307/VNP46A2.A2012307.h18v05.001.2020113003553.h5",2012,"307"
"VNP46A2.A2012307.h18v06.001.2020108015832.h5","https://ladsweb.modaps.eosdis.nasa.gov/archive/allData/5000/VNP46A2/2012/307/VNP46A2.A2012307.h18v06.001.2020108015832.h5",2012,"307"
"VNP46A2.A2012307.h18v07.001.2020113000345.h5","https://ladsweb.modaps.eosdis.nasa.gov/archive/allData/5000/VNP46A2/2012/307/VNP46A2.A2012307.h18v07.001.2020113000345.h5",2012,"307"
"VNP46A2.A2012307.h18v08.001.2020107232818.h5","https://ladsweb.modaps.eosdis.nasa.gov/archive/allData/5000/VNP46A2/2012/307/VNP46A2.A2012307.h18v08.001.2020107232818.h5",2012,"307"
"VNP46A2.A2012307.h18v09.001.2020107212603.h5","https://ladsweb.modaps.eosdis.nasa.gov/archive/allData/5000/VNP46A2/2012/307/VNP46A2.A2012307.h18v09.001.2020107212603.h5",2012,"307"
"VNP46A2.A2012307.h18v14.001.2020107212757.h5","https://ladsweb.modaps.eosdis.nasa.gov/archive/allData/5000/VNP46A2/2012/307/VNP46A2.A2012307.h18v14.001.2020107212757.h5",2012,"307"
"VNP46A2.A2012307.h18v15.001.2020112210619.h5","https://ladsweb.modaps.eosdis.nasa.gov/archive/allData/5000/VNP46A2/2012/307/VNP46A2.A2012307.h18v15.001.2020112210619.h5",2012,"307"
"VNP46A2.A2012307.h18v16.001.2020112205958.h5","https://ladsweb.modaps.eosdis.nasa.gov/archive/allData/5000/VNP46A2/2012/307/VNP46A2.A2012307.h18v16.001.2020112205958.h5",2012,"307"
"VNP46A2.A2012307.h19v00.001.2020112212208.h5","https://ladsweb.modaps.eosdis.nasa.gov/archive/allData/5000/VNP46A2/2012/307/VNP46A2.A2012307.h19v00.001.2020112212208.h5",2012,"307"
"VNP46A2.A2012307.h19v01.001.2020107221215.h5","https://ladsweb.modaps.eosdis.nasa.gov/archive/allData/5000/VNP46A2/2012/307/VNP46A2.A2012307.h19v01.001.2020107221215.h5",2012,"307"
"VNP46A2.A2012307.h19v02.001.2020112200917.h5","https://ladsweb.modaps.eosdis.nasa.gov/archive/allData/5000/VNP46A2/2012/307/VNP46A2.A2012307.h19v02.001.2020112200917.h5",2012,"307"
"VNP46A2.A2012307.h19v03.001.2020113000419.h5","https://ladsweb.modaps.eosdis.nasa.gov/archive/allData/5000/VNP46A2/2012/307/VNP46A2.A2012307.h19v03.001.2020113000419.h5",2012,"307"
"VNP46A2.A2012307.h19v04.001.2020113203638.h5","https://ladsweb.modaps.eosdis.nasa.gov/archive/allData/5000/VNP46A2/2012/307/VNP46A2.A2012307.h19v04.001.2020113203638.h5",2012,"307"
"VNP46A2.A2012307.h19v05.001.2020108000459.h5","https://ladsweb.modaps.eosdis.nasa.gov/archive/allData/5000/VNP46A2/2012/307/VNP46A2.A2012307.h19v05.001.2020108000459.h5",2012,"307"
"VNP46A2.A2012307.h19v06.001.2020112225502.h5","https://ladsweb.modaps.eosdis.nasa.gov/archive/allData/5000/VNP46A2/2012/307/VNP46A2.A2012307.h19v06.001.2020112225502.h5",2012,"307"
"VNP46A2.A2012307.h19v07.001.2020112224141.h5","https://ladsweb.modaps.eosdis.nasa.gov/archive/allData/5000/VNP46A2/2012/307/VNP46A2.A2012307.h19v07.001.2020112224141.h5",2012,"307"
"VNP46A2.A2012307.h19v08.001.2020112221737.h5","https://ladsweb.modaps.eosdis.nasa.gov/archive/allData/5000/VNP46A2/2012/307/VNP46A2.A2012307.h19v08.001.2020112221737.h5",2012,"307"
"VNP46A2.A2012307.h19v09.001.2020108000521.h5","https://ladsweb.modaps.eosdis.nasa.gov/archive/allData/5000/VNP46A2/2012/307/VNP46A2.A2012307.h19v09.001.2020108000521.h5",2012,"307"
"VNP46A2.A2012307.h19v10.001.2020112204420.h5","https://ladsweb.modaps.eosdis.nasa.gov/archive/allData/5000/VNP46A2/2012/307/VNP46A2.A2012307.h19v10.001.2020112204420.h5",2012,"307"
"VNP46A2.A2012307.h19v11.001.2020112205751.h5","https://ladsweb.modaps.eosdis.nasa.gov/archive/allData/5000/VNP46A2/2012/307/VNP46A2.A2012307.h19v11.001.2020112205751.h5",2012,"307"
"VNP46A2.A2012307.h19v12.001.2020112211506.h5","https://ladsweb.modaps.eosdis.nasa.gov/archive/allData/5000/VNP46A2/2012/307/VNP46A2.A2012307.h19v12.001.2020112211506.h5",2012,"307"
"VNP46A2.A2012307.h19v15.001.2020107213445.h5","https://ladsweb.modaps.eosdis.nasa.gov/archive/allData/5000/VNP46A2/2012/307/VNP46A2.A2012307.h19v15.001.2020107213445.h5",2012,"307"
"VNP46A2.A2012307.h19v16.001.2020112215656.h5","https://ladsweb.modaps.eosdis.nasa.gov/archive/allData/5000/VNP46A2/2012/307/VNP46A2.A2012307.h19v16.001.2020112215656.h5",2012,"307"
"VNP46A2.A2012307.h20v00.001.2020112210604.h5","https://ladsweb.modaps.eosdis.nasa.gov/archive/allData/5000/VNP46A2/2012/307/VNP46A2.A2012307.h20v00.001.2020112210604.h5",2012,"307"
"VNP46A2.A2012307.h20v01.001.2020107214051.h5","https://ladsweb.modaps.eosdis.nasa.gov/archive/allData/5000/VNP46A2/2012/307/VNP46A2.A2012307.h20v01.001.2020107214051.h5",2012,"307"
"VNP46A2.A2012307.h20v02.001.2020112211118.h5","https://ladsweb.modaps.eosdis.nasa.gov/archive/allData/5000/VNP46A2/2012/307/VNP46A2.A2012307.h20v02.001.2020112211118.h5",2012,"307"
"VNP46A2.A2012307.h20v03.001.2020108000942.h5","https://ladsweb.modaps.eosdis.nasa.gov/archive/allData/5000/VNP46A2/2012/307/VNP46A2.A2012307.h20v03.001.2020108000942.h5",2012,"307"
"VNP46A2.A2012307.h20v04.001.2020112214638.h5","https://ladsweb.modaps.eosdis.nasa.gov/archive/allData/5000/VNP46A2/2012/307/VNP46A2.A2012307.h20v04.001.2020112214638.h5",2012,"307"
"VNP46A2.A2012307.h20v05.001.2020108000240.h5","https://ladsweb.modaps.eosdis.nasa.gov/archive/allData/5000/VNP46A2/2012/307/VNP46A2.A2012307.h20v05.001.2020108000240.h5",2012,"307"
"VNP46A2.A2012307.h20v06.001.2020108002025.h5","https://ladsweb.modaps.eosdis.nasa.gov/archive/allData/5000/VNP46A2/2012/307/VNP46A2.A2012307.h20v06.001.2020108002025.h5",2012,"307"
"VNP46A2.A2012307.h20v07.001.2020112232729.h5","https://ladsweb.modaps.eosdis.nasa.gov/archive/allData/5000/VNP46A2/2012/307/VNP46A2.A2012307.h20v07.001.2020112232729.h5",2012,"307"
"VNP46A2.A2012307.h20v08.001.2020108001203.h5","https://ladsweb.modaps.eosdis.nasa.gov/archive/allData/5000/VNP46A2/2012/307/VNP46A2.A2012307.h20v08.001.2020108001203.h5",2012,"307"
"VNP46A2.A2012307.h20v09.001.2020112231454.h5","https://ladsweb.modaps.eosdis.nasa.gov/archive/allData/5000/VNP46A2/2012/307/VNP46A2.A2012307.h20v09.001.2020112231454.h5",2012,"307"
"VNP46A2.A2012307.h20v10.001.2020113001436.h5","https://ladsweb.modaps.eosdis.nasa.gov/archive/allData/5000/VNP46A2/2012/307/VNP46A2.A2012307.h20v10.001.2020113001436.h5",2012,"307"
"VNP46A2.A2012307.h20v11.001.2020112222543.h5","https://ladsweb.modaps.eosdis.nasa.gov/archive/allData/5000/VNP46A2/2012/307/VNP46A2.A2012307.h20v11.001.2020112222543.h5",2012,"307"
"VNP46A2.A2012307.h20v12.001.2020108012821.h5","https://ladsweb.modaps.eosdis.nasa.gov/archive/allData/5000/VNP46A2/2012/307/VNP46A2.A2012307.h20v12.001.2020108012821.h5",2012,"307"
"VNP46A2.A2012307.h20v15.001.2020112210106.h5","https://ladsweb.modaps.eosdis.nasa.gov/archive/allData/5000/VNP46A2/2012/307/VNP46A2.A2012307.h20v15.001.2020112210106.h5",2012,"307"
"VNP46A2.A2012307.h20v16.001.2020112220928.h5","https://ladsweb.modaps.eosdis.nasa.gov/archive/allData/5000/VNP46A2/2012/307/VNP46A2.A2012307.h20v16.001.2020112220928.h5",2012,"307"
"VNP46A2.A2012307.h21v01.001.2020107212122.h5","https://ladsweb.modaps.eosdis.nasa.gov/archive/allData/5000/VNP46A2/2012/307/VNP46A2.A2012307.h21v01.001.2020107212122.h5",2012,"307"
"VNP46A2.A2012307.h21v02.001.2020108001443.h5","https://ladsweb.modaps.eosdis.nasa.gov/archive/allData/5000/VNP46A2/2012/307/VNP46A2.A2012307.h21v02.001.2020108001443.h5",2012,"307"
"VNP46A2.A2012307.h21v03.001.2020113004416.h5","https://ladsweb.modaps.eosdis.nasa.gov/archive/allData/5000/VNP46A2/2012/307/VNP46A2.A2012307.h21v03.001.2020113004416.h5",2012,"307"
"VNP46A2.A2012307.h21v04.001.2020112230504.h5","https://ladsweb.modaps.eosdis.nasa.gov/archive/allData/5000/VNP46A2/2012/307/VNP46A2.A2012307.h21v04.001.2020112230504.h5",2012,"307"
"VNP46A2.A2012307.h21v05.001.2020108020012.h5","https://ladsweb.modaps.eosdis.nasa.gov/archive/allData/5000/VNP46A2/2012/307/VNP46A2.A2012307.h21v05.001.2020108020012.h5",2012,"307"
"VNP46A2.A2012307.h21v06.001.2020108010459.h5","https://ladsweb.modaps.eosdis.nasa.gov/archive/allData/5000/VNP46A2/2012/307/VNP46A2.A2012307.h21v06.001.2020108010459.h5",2012,"307"
"VNP46A2.A2012307.h21v07.001.2020113013900.h5","https://ladsweb.modaps.eosdis.nasa.gov/archive/allData/5000/VNP46A2/2012/307/VNP46A2.A2012307.h21v07.001.2020113013900.h5",2012,"307"
"VNP46A2.A2012307.h21v08.001.2020112231745.h5","https://ladsweb.modaps.eosdis.nasa.gov/archive/allData/5000/VNP46A2/2012/307/VNP46A2.A2012307.h21v08.001.2020112231745.h5",2012,"307"
"VNP46A2.A2012307.h21v09.001.2020113000324.h5","https://ladsweb.modaps.eosdis.nasa.gov/archive/allData/5000/VNP46A2/2012/307/VNP46A2.A2012307.h21v09.001.2020113000324.h5",2012,"307"
"VNP46A2.A2012307.h21v10.001.2020113003540.h5","https://ladsweb.modaps.eosdis.nasa.gov/archive/allData/5000/VNP46A2/2012/307/VNP46A2.A2012307.h21v10.001.2020113003540.h5",2012,"307"
"VNP46A2.A2012307.h21v11.001.2020112230211.h5","https://ladsweb.modaps.eosdis.nasa.gov/archive/allData/5000/VNP46A2/2012/307/VNP46A2.A2012307.h21v11.001.2020112230211.h5",2012,"307"
"VNP46A2.A2012307.h21v12.001.2020112153044.h5","https://ladsweb.modaps.eosdis.nasa.gov/archive/allData/5000/VNP46A2/2012/307/VNP46A2.A2012307.h21v12.001.2020112153044.h5",2012,"307"
"VNP46A2.A2012307.h21v13.001.2020107212218.h5","https://ladsweb.modaps.eosdis.nasa.gov/archive/allData/5000/VNP46A2/2012/307/VNP46A2.A2012307.h21v13.001.2020107212218.h5",2012,"307"
"VNP46A2.A2012307.h21v15.001.2020112215707.h5","https://ladsweb.modaps.eosdis.nasa.gov/archive/allData/5000/VNP46A2/2012/307/VNP46A2.A2012307.h21v15.001.2020112215707.h5",2012,"307"
"VNP46A2.A2012307.h21v16.001.2020112210638.h5","https://ladsweb.modaps.eosdis.nasa.gov/archive/allData/5000/VNP46A2/2012/307/VNP46A2.A2012307.h21v16.001.2020112210638.h5",2012,"307"
"VNP46A2.A2012307.h22v02.001.2020112221404.h5","https://ladsweb.modaps.eosdis.nasa.gov/archive/allData/5000/VNP46A2/2012/307/VNP46A2.A2012307.h22v02.001.2020112221404.h5",2012,"307"
"VNP46A2.A2012307.h22v03.001.2020112233015.h5","https://ladsweb.modaps.eosdis.nasa.gov/archive/allData/5000/VNP46A2/2012/307/VNP46A2.A2012307.h22v03.001.2020112233015.h5",2012,"307"
"VNP46A2.A2012307.h22v04.001.2020108005053.h5","https://ladsweb.modaps.eosdis.nasa.gov/archive/allData/5000/VNP46A2/2012/307/VNP46A2.A2012307.h22v04.001.2020108005053.h5",2012,"307"
"VNP46A2.A2012307.h22v05.001.2020112222627.h5","https://ladsweb.modaps.eosdis.nasa.gov/archive/allData/5000/VNP46A2/2012/307/VNP46A2.A2012307.h22v05.001.2020112222627.h5",2012,"307"
"VNP46A2.A2012307.h22v06.001.2020113001625.h5","https://ladsweb.modaps.eosdis.nasa.gov/archive/allData/5000/VNP46A2/2012/307/VNP46A2.A2012307.h22v06.001.2020113001625.h5",2012,"307"
"VNP46A2.A2012307.h22v07.001.2020108014543.h5","https://ladsweb.modaps.eosdis.nasa.gov/archive/allData/5000/VNP46A2/2012/307/VNP46A2.A2012307.h22v07.001.2020108014543.h5",2012,"307"
"VNP46A2.A2012307.h22v08.001.2020113000356.h5","https://ladsweb.modaps.eosdis.nasa.gov/archive/allData/5000/VNP46A2/2012/307/VNP46A2.A2012307.h22v08.001.2020113000356.h5",2012,"307"
"VNP46A2.A2012307.h22v09.001.2020107211152.h5","https://ladsweb.modaps.eosdis.nasa.gov/archive/allData/5000/VNP46A2/2012/307/VNP46A2.A2012307.h22v09.001.2020107211152.h5",2012,"307"
"VNP46A2.A2012307.h22v10.001.2020107232347.h5","https://ladsweb.modaps.eosdis.nasa.gov/archive/allData/5000/VNP46A2/2012/307/VNP46A2.A2012307.h22v10.001.2020107232347.h5",2012,"307"
"VNP46A2.A2012307.h22v11.001.2020112220603.h5","https://ladsweb.modaps.eosdis.nasa.gov/archive/allData/5000/VNP46A2/2012/307/VNP46A2.A2012307.h22v11.001.2020112220603.h5",2012,"307"
"VNP46A2.A2012307.h22v15.001.2020112211422.h5","https://ladsweb.modaps.eosdis.nasa.gov/archive/allData/5000/VNP46A2/2012/307/VNP46A2.A2012307.h22v15.001.2020112211422.h5",2012,"307"
"VNP46A2.A2012307.h22v16.001.2020112221222.h5","https://ladsweb.modaps.eosdis.nasa.gov/archive/allData/5000/VNP46A2/2012/307/VNP46A2.A2012307.h22v16.001.2020112221222.h5",2012,"307"
"VNP46A2.A2012307.h23v00.001.2020112180840.h5","https://ladsweb.modaps.eosdis.nasa.gov/archive/allData/5000/VNP46A2/2012/307/VNP46A2.A2012307.h23v00.001.2020112180840.h5",2012,"307"
"VNP46A2.A2012307.h23v01.001.2020112201339.h5","https://ladsweb.modaps.eosdis.nasa.gov/archive/allData/5000/VNP46A2/2012/307/VNP46A2.A2012307.h23v01.001.2020112201339.h5",2012,"307"
"VNP46A2.A2012307.h23v02.001.2020112223251.h5","https://ladsweb.modaps.eosdis.nasa.gov/archive/allData/5000/VNP46A2/2012/307/VNP46A2.A2012307.h23v02.001.2020112223251.h5",2012,"307"
"VNP46A2.A2012307.h23v03.001.2020108021826.h5","https://ladsweb.modaps.eosdis.nasa.gov/archive/allData/5000/VNP46A2/2012/307/VNP46A2.A2012307.h23v03.001.2020108021826.h5",2012,"307"
"VNP46A2.A2012307.h23v04.001.2020113012522.h5","https://ladsweb.modaps.eosdis.nasa.gov/archive/allData/5000/VNP46A2/2012/307/VNP46A2.A2012307.h23v04.001.2020113012522.h5",2012,"307"
"VNP46A2.A2012307.h23v05.001.2020113200443.h5","https://ladsweb.modaps.eosdis.nasa.gov/archive/allData/5000/VNP46A2/2012/307/VNP46A2.A2012307.h23v05.001.2020113200443.h5",2012,"307"
"VNP46A2.A2012307.h23v06.001.2020108000657.h5","https://ladsweb.modaps.eosdis.nasa.gov/archive/allData/5000/VNP46A2/2012/307/VNP46A2.A2012307.h23v06.001.2020108000657.h5",2012,"307"
"VNP46A2.A2012307.h23v07.001.2020112203712.h5","https://ladsweb.modaps.eosdis.nasa.gov/archive/allData/5000/VNP46A2/2012/307/VNP46A2.A2012307.h23v07.001.2020112203712.h5",2012,"307"
"VNP46A2.A2012307.h23v08.001.2020107210347.h5","https://ladsweb.modaps.eosdis.nasa.gov/archive/allData/5000/VNP46A2/2012/307/VNP46A2.A2012307.h23v08.001.2020107210347.h5",2012,"307"
"VNP46A2.A2012307.h23v09.001.2020112173917.h5","https://ladsweb.modaps.eosdis.nasa.gov/archive/allData/5000/VNP46A2/2012/307/VNP46A2.A2012307.h23v09.001.2020112173917.h5",2012,"307"
"VNP46A2.A2012307.h23v10.001.2020112214752.h5","https://ladsweb.modaps.eosdis.nasa.gov/archive/allData/5000/VNP46A2/2012/307/VNP46A2.A2012307.h23v10.001.2020112214752.h5",2012,"307"
"VNP46A2.A2012307.h23v11.001.2020112195705.h5","https://ladsweb.modaps.eosdis.nasa.gov/archive/allData/5000/VNP46A2/2012/307/VNP46A2.A2012307.h23v11.001.2020112195705.h5",2012,"307"
"VNP46A2.A2012307.h23v13.001.2020112172744.h5","https://ladsweb.modaps.eosdis.nasa.gov/archive/allData/5000/VNP46A2/2012/307/VNP46A2.A2012307.h23v13.001.2020112172744.h5",2012,"307"
"VNP46A2.A2012307.h23v15.001.2020112174727.h5","https://ladsweb.modaps.eosdis.nasa.gov/archive/allData/5000/VNP46A2/2012/307/VNP46A2.A2012307.h23v15.001.2020112174727.h5",2012,"307"
"VNP46A2.A2012307.h23v16.001.2020113193234.h5","https://ladsweb.modaps.eosdis.nasa.gov/archive/allData/5000/VNP46A2/2012/307/VNP46A2.A2012307.h23v16.001.2020113193234.h5",2012,"307"
"VNP46A2.A2012307.h24v00.001.2020107214424.h5","https://ladsweb.modaps.eosdis.nasa.gov/archive/allData/5000/VNP46A2/2012/307/VNP46A2.A2012307.h24v00.001.2020107214424.h5",2012,"307"
"VNP46A2.A2012307.h24v01.001.2020112204616.h5","https://ladsweb.modaps.eosdis.nasa.gov/archive/allData/5000/VNP46A2/2012/307/VNP46A2.A2012307.h24v01.001.2020112204616.h5",2012,"307"
"VNP46A2.A2012307.h24v02.001.2020113003609.h5","https://ladsweb.modaps.eosdis.nasa.gov/archive/allData/5000/VNP46A2/2012/307/VNP46A2.A2012307.h24v02.001.2020113003609.h5",2012,"307"
"VNP46A2.A2012307.h24v03.001.2020113000345.h5","https://ladsweb.modaps.eosdis.nasa.gov/archive/allData/5000/VNP46A2/2012/307/VNP46A2.A2012307.h24v03.001.2020113000345.h5",2012,"307"
"VNP46A2.A2012307.h24v04.001.2020112232713.h5","https://ladsweb.modaps.eosdis.nasa.gov/archive/allData/5000/VNP46A2/2012/307/VNP46A2.A2012307.h24v04.001.2020112232713.h5",2012,"307"
"VNP46A2.A2012307.h24v05.001.2020113000356.h5","https://ladsweb.modaps.eosdis.nasa.gov/archive/allData/5000/VNP46A2/2012/307/VNP46A2.A2012307.h24v05.001.2020113000356.h5",2012,"307"
"VNP46A2.A2012307.h24v06.001.2020112232149.h5","https://ladsweb.modaps.eosdis.nasa.gov/archive/allData/5000/VNP46A2/2012/307/VNP46A2.A2012307.h24v06.001.2020112232149.h5",2012,"307"
"VNP46A2.A2012307.h24v13.001.2020107211728.h5","https://ladsweb.modaps.eosdis.nasa.gov/archive/allData/5000/VNP46A2/2012/307/VNP46A2.A2012307.h24v13.001.2020107211728.h5",2012,"307"
"VNP46A2.A2012307.h24v15.001.2020112213116.h5","https://ladsweb.modaps.eosdis.nasa.gov/archive/allData/5000/VNP46A2/2012/307/VNP46A2.A2012307.h24v15.001.2020112213116.h5",2012,"307"
"VNP46A2.A2012307.h25v01.001.2020112215850.h5","https://ladsweb.modaps.eosdis.nasa.gov/archive/allData/5000/VNP46A2/2012/307/VNP46A2.A2012307.h25v01.001.2020112215850.h5",2012,"307"
"VNP46A2.A2012307.h25v02.001.2020112213837.h5","https://ladsweb.modaps.eosdis.nasa.gov/archive/allData/5000/VNP46A2/2012/307/VNP46A2.A2012307.h25v02.001.2020112213837.h5",2012,"307"
"VNP46A2.A2012307.h25v03.001.2020108010644.h5","https://ladsweb.modaps.eosdis.nasa.gov/archive/allData/5000/VNP46A2/2012/307/VNP46A2.A2012307.h25v03.001.2020108010644.h5",2012,"307"
"VNP46A2.A2012307.h25v04.001.2020112224459.h5","https://ladsweb.modaps.eosdis.nasa.gov/archive/allData/5000/VNP46A2/2012/307/VNP46A2.A2012307.h25v04.001.2020112224459.h5",2012,"307"
"VNP46A2.A2012307.h25v05.001.2020108020450.h5","https://ladsweb.modaps.eosdis.nasa.gov/archive/allData/5000/VNP46A2/2012/307/VNP46A2.A2012307.h25v05.001.2020108020450.h5",2012,"307"
"VNP46A2.A2012307.h25v06.001.2020112214352.h5","https://ladsweb.modaps.eosdis.nasa.gov/archive/allData/5000/VNP46A2/2012/307/VNP46A2.A2012307.h25v06.001.2020112214352.h5",2012,"307"
"VNP46A2.A2012307.h25v07.001.2020107232223.h5","https://ladsweb.modaps.eosdis.nasa.gov/archive/allData/5000/VNP46A2/2012/307/VNP46A2.A2012307.h25v07.001.2020107232223.h5",2012,"307"
"VNP46A2.A2012307.h25v08.001.2020112212113.h5","https://ladsweb.modaps.eosdis.nasa.gov/archive/allData/5000/VNP46A2/2012/307/VNP46A2.A2012307.h25v08.001.2020112212113.h5",2012,"307"
"VNP46A2.A2012307.h25v09.001.2020112193753.h5","https://ladsweb.modaps.eosdis.nasa.gov/archive/allData/5000/VNP46A2/2012/307/VNP46A2.A2012307.h25v09.001.2020112193753.h5",2012,"307"
"VNP46A2.A2012307.h25v13.001.2020107212046.h5","https://ladsweb.modaps.eosdis.nasa.gov/archive/allData/5000/VNP46A2/2012/307/VNP46A2.A2012307.h25v13.001.2020107212046.h5",2012,"307"
"VNP46A2.A2012307.h25v14.001.2020107221620.h5","https://ladsweb.modaps.eosdis.nasa.gov/archive/allData/5000/VNP46A2/2012/307/VNP46A2.A2012307.h25v14.001.2020107221620.h5",2012,"307"
"VNP46A2.A2012307.h25v15.001.2020107224550.h5","https://ladsweb.modaps.eosdis.nasa.gov/archive/allData/5000/VNP46A2/2012/307/VNP46A2.A2012307.h25v15.001.2020107224550.h5",2012,"307"
"VNP46A2.A2012307.h25v16.001.2020108020123.h5","https://ladsweb.modaps.eosdis.nasa.gov/archive/allData/5000/VNP46A2/2012/307/VNP46A2.A2012307.h25v16.001.2020108020123.h5",2012,"307"
"VNP46A2.A2012307.h26v01.001.2020108010739.h5","https://ladsweb.modaps.eosdis.nasa.gov/archive/allData/5000/VNP46A2/2012/307/VNP46A2.A2012307.h26v01.001.2020108010739.h5",2012,"307"
"VNP46A2.A2012307.h26v02.001.2020112221932.h5","https://ladsweb.modaps.eosdis.nasa.gov/archive/allData/5000/VNP46A2/2012/307/VNP46A2.A2012307.h26v02.001.2020112221932.h5",2012,"307"
"VNP46A2.A2012307.h26v03.001.2020112232432.h5","https://ladsweb.modaps.eosdis.nasa.gov/archive/allData/5000/VNP46A2/2012/307/VNP46A2.A2012307.h26v03.001.2020112232432.h5",2012,"307"
"VNP46A2.A2012307.h26v04.001.2020113001643.h5","https://ladsweb.modaps.eosdis.nasa.gov/archive/allData/5000/VNP46A2/2012/307/VNP46A2.A2012307.h26v04.001.2020113001643.h5",2012,"307"
"VNP46A2.A2012307.h26v05.001.2020113000411.h5","https://ladsweb.modaps.eosdis.nasa.gov/archive/allData/5000/VNP46A2/2012/307/VNP46A2.A2012307.h26v05.001.2020113000411.h5",2012,"307"
"VNP46A2.A2012307.h26v06.001.2020108000816.h5","https://ladsweb.modaps.eosdis.nasa.gov/archive/allData/5000/VNP46A2/2012/307/VNP46A2.A2012307.h26v06.001.2020108000816.h5",2012,"307"
"VNP46A2.A2012307.h26v07.001.2020112220612.h5","https://ladsweb.modaps.eosdis.nasa.gov/archive/allData/5000/VNP46A2/2012/307/VNP46A2.A2012307.h26v07.001.2020112220612.h5",2012,"307"
"VNP46A2.A2012307.h26v08.001.2020107212506.h5","https://ladsweb.modaps.eosdis.nasa.gov/archive/allData/5000/VNP46A2/2012/307/VNP46A2.A2012307.h26v08.001.2020107212506.h5",2012,"307"
"VNP46A2.A2012307.h26v15.001.2020112220410.h5","https://ladsweb.modaps.eosdis.nasa.gov/archive/allData/5000/VNP46A2/2012/307/VNP46A2.A2012307.h26v15.001.2020112220410.h5",2012,"307"
"VNP46A2.A2012307.h26v16.001.2020112214740.h5","https://ladsweb.modaps.eosdis.nasa.gov/archive/allData/5000/VNP46A2/2012/307/VNP46A2.A2012307.h26v16.001.2020112214740.h5",2012,"307"
"VNP46A2.A2012307.h27v00.001.2020112204622.h5","https://ladsweb.modaps.eosdis.nasa.gov/archive/allData/5000/VNP46A2/2012/307/VNP46A2.A2012307.h27v00.001.2020112204622.h5",2012,"307"
"VNP46A2.A2012307.h27v01.001.2020112220102.h5","https://ladsweb.modaps.eosdis.nasa.gov/archive/allData/5000/VNP46A2/2012/307/VNP46A2.A2012307.h27v01.001.2020112220102.h5",2012,"307"
"VNP46A2.A2012307.h27v02.001.2020113004424.h5","https://ladsweb.modaps.eosdis.nasa.gov/archive/allData/5000/VNP46A2/2012/307/VNP46A2.A2012307.h27v02.001.2020113004424.h5",2012,"307"
"VNP46A2.A2012307.h27v03.001.2020112224510.h5","https://ladsweb.modaps.eosdis.nasa.gov/archive/allData/5000/VNP46A2/2012/307/VNP46A2.A2012307.h27v03.001.2020112224510.h5",2012,"307"
"VNP46A2.A2012307.h27v04.001.2020113002740.h5","https://ladsweb.modaps.eosdis.nasa.gov/archive/allData/5000/VNP46A2/2012/307/VNP46A2.A2012307.h27v04.001.2020113002740.h5",2012,"307"
"VNP46A2.A2012307.h27v05.001.2020108011845.h5","https://ladsweb.modaps.eosdis.nasa.gov/archive/allData/5000/VNP46A2/2012/307/VNP46A2.A2012307.h27v05.001.2020108011845.h5",2012,"307"
"VNP46A2.A2012307.h27v06.001.2020108000456.h5","https://ladsweb.modaps.eosdis.nasa.gov/archive/allData/5000/VNP46A2/2012/307/VNP46A2.A2012307.h27v06.001.2020108000456.h5",2012,"307"
"VNP46A2.A2012307.h27v07.001.2020112213010.h5","https://ladsweb.modaps.eosdis.nasa.gov/archive/allData/5000/VNP46A2/2012/307/VNP46A2.A2012307.h27v07.001.2020112213010.h5",2012,"307"
"VNP46A2.A2012307.h27v08.001.2020112210527.h5","https://ladsweb.modaps.eosdis.nasa.gov/archive/allData/5000/VNP46A2/2012/307/VNP46A2.A2012307.h27v08.001.2020112210527.h5",2012,"307"
"VNP46A2.A2012307.h27v09.001.2020112205050.h5","https://ladsweb.modaps.eosdis.nasa.gov/archive/allData/5000/VNP46A2/2012/307/VNP46A2.A2012307.h27v09.001.2020112205050.h5",2012,"307"
"VNP46A2.A2012307.h27v15.001.2020112214532.h5","https://ladsweb.modaps.eosdis.nasa.gov/archive/allData/5000/VNP46A2/2012/307/VNP46A2.A2012307.h27v15.001.2020112214532.h5",2012,"307"
"VNP46A2.A2012307.h27v16.001.2020112225759.h5","https://ladsweb.modaps.eosdis.nasa.gov/archive/allData/5000/VNP46A2/2012/307/VNP46A2.A2012307.h27v16.001.2020112225759.h5",2012,"307"
"VNP46A2.A2012307.h28v01.001.2020113200502.h5","https://ladsweb.modaps.eosdis.nasa.gov/archive/allData/5000/VNP46A2/2012/307/VNP46A2.A2012307.h28v01.001.2020113200502.h5",2012,"307"
"VNP46A2.A2012307.h28v02.001.2020113000438.h5","https://ladsweb.modaps.eosdis.nasa.gov/archive/allData/5000/VNP46A2/2012/307/VNP46A2.A2012307.h28v02.001.2020113000438.h5",2012,"307"
"VNP46A2.A2012307.h28v03.001.2020108004238.h5","https://ladsweb.modaps.eosdis.nasa.gov/archive/allData/5000/VNP46A2/2012/307/VNP46A2.A2012307.h28v03.001.2020108004238.h5",2012,"307"
"VNP46A2.A2012307.h28v04.001.2020113002740.h5","https://ladsweb.modaps.eosdis.nasa.gov/archive/allData/5000/VNP46A2/2012/307/VNP46A2.A2012307.h28v04.001.2020113002740.h5",2012,"307"
"VNP46A2.A2012307.h28v05.001.2020108024540.h5","https://ladsweb.modaps.eosdis.nasa.gov/archive/allData/5000/VNP46A2/2012/307/VNP46A2.A2012307.h28v05.001.2020108024540.h5",2012,"307"
"VNP46A2.A2012307.h28v06.001.2020112220936.h5","https://ladsweb.modaps.eosdis.nasa.gov/archive/allData/5000/VNP46A2/2012/307/VNP46A2.A2012307.h28v06.001.2020112220936.h5",2012,"307"
"VNP46A2.A2012307.h28v07.001.2020108000749.h5","https://ladsweb.modaps.eosdis.nasa.gov/archive/allData/5000/VNP46A2/2012/307/VNP46A2.A2012307.h28v07.001.2020108000749.h5",2012,"307"
"VNP46A2.A2012307.h28v08.001.2020112165352.h5","https://ladsweb.modaps.eosdis.nasa.gov/archive/allData/5000/VNP46A2/2012/307/VNP46A2.A2012307.h28v08.001.2020112165352.h5",2012,"307"
"VNP46A2.A2012307.h28v09.001.2020112203656.h5","https://ladsweb.modaps.eosdis.nasa.gov/archive/allData/5000/VNP46A2/2012/307/VNP46A2.A2012307.h28v09.001.2020112203656.h5",2012,"307"
"VNP46A2.A2012307.h28v15.001.2020107230847.h5","https://ladsweb.modaps.eosdis.nasa.gov/archive/allData/5000/VNP46A2/2012/307/VNP46A2.A2012307.h28v15.001.2020107230847.h5",2012,"307"
"VNP46A2.A2012307.h28v16.001.2020113192411.h5","https://ladsweb.modaps.eosdis.nasa.gov/archive/allData/5000/VNP46A2/2012/307/VNP46A2.A2012307.h28v16.001.2020113192411.h5",2012,"307"
"VNP46A2.A2012307.h29v01.001.2020107233528.h5","https://ladsweb.modaps.eosdis.nasa.gov/archive/allData/5000/VNP46A2/2012/307/VNP46A2.A2012307.h29v01.001.2020107233528.h5",2012,"307"
"VNP46A2.A2012307.h29v02.001.2020108041527.h5","https://ladsweb.modaps.eosdis.nasa.gov/archive/allData/5000/VNP46A2/2012/307/VNP46A2.A2012307.h29v02.001.2020108041527.h5",2012,"307"
"VNP46A2.A2012307.h29v03.001.2020113001631.h5","https://ladsweb.modaps.eosdis.nasa.gov/archive/allData/5000/VNP46A2/2012/307/VNP46A2.A2012307.h29v03.001.2020113001631.h5",2012,"307"
"VNP46A2.A2012307.h29v04.001.2020113000759.h5","https://ladsweb.modaps.eosdis.nasa.gov/archive/allData/5000/VNP46A2/2012/307/VNP46A2.A2012307.h29v04.001.2020113000759.h5",2012,"307"
"VNP46A2.A2012307.h29v05.001.2020112224446.h5","https://ladsweb.modaps.eosdis.nasa.gov/archive/allData/5000/VNP46A2/2012/307/VNP46A2.A2012307.h29v05.001.2020112224446.h5",2012,"307"
"VNP46A2.A2012307.h29v06.001.2020112223404.h5","https://ladsweb.modaps.eosdis.nasa.gov/archive/allData/5000/VNP46A2/2012/307/VNP46A2.A2012307.h29v06.001.2020112223404.h5",2012,"307"
"VNP46A2.A2012307.h29v07.001.2020107220219.h5","https://ladsweb.modaps.eosdis.nasa.gov/archive/allData/5000/VNP46A2/2012/307/VNP46A2.A2012307.h29v07.001.2020107220219.h5",2012,"307"
"VNP46A2.A2012307.h29v08.001.2020112214024.h5","https://ladsweb.modaps.eosdis.nasa.gov/archive/allData/5000/VNP46A2/2012/307/VNP46A2.A2012307.h29v08.001.2020112214024.h5",2012,"307"
"VNP46A2.A2012307.h29v09.001.2020108000750.h5","https://ladsweb.modaps.eosdis.nasa.gov/archive/allData/5000/VNP46A2/2012/307/VNP46A2.A2012307.h29v09.001.2020108000750.h5",2012,"307"
"VNP46A2.A2012307.h29v10.001.2020107212548.h5","https://ladsweb.modaps.eosdis.nasa.gov/archive/allData/5000/VNP46A2/2012/307/VNP46A2.A2012307.h29v10.001.2020107212548.h5",2012,"307"
"VNP46A2.A2012307.h29v11.001.2020108001729.h5","https://ladsweb.modaps.eosdis.nasa.gov/archive/allData/5000/VNP46A2/2012/307/VNP46A2.A2012307.h29v11.001.2020108001729.h5",2012,"307"
"VNP46A2.A2012307.h29v12.001.2020112212933.h5","https://ladsweb.modaps.eosdis.nasa.gov/archive/allData/5000/VNP46A2/2012/307/VNP46A2.A2012307.h29v12.001.2020112212933.h5",2012,"307"
"VNP46A2.A2012307.h29v15.001.2020113174437.h5","https://ladsweb.modaps.eosdis.nasa.gov/archive/allData/5000/VNP46A2/2012/307/VNP46A2.A2012307.h29v15.001.2020113174437.h5",2012,"307"
"VNP46A2.A2012307.h29v16.001.2020113191357.h5","https://ladsweb.modaps.eosdis.nasa.gov/archive/allData/5000/VNP46A2/2012/307/VNP46A2.A2012307.h29v16.001.2020113191357.h5",2012,"307"
"VNP46A2.A2012307.h30v01.001.2020112215921.h5","https://ladsweb.modaps.eosdis.nasa.gov/archive/allData/5000/VNP46A2/2012/307/VNP46A2.A2012307.h30v01.001.2020112215921.h5",2012,"307"
"VNP46A2.A2012307.h30v02.001.2020113011213.h5","https://ladsweb.modaps.eosdis.nasa.gov/archive/allData/5000/VNP46A2/2012/307/VNP46A2.A2012307.h30v02.001.2020113011213.h5",2012,"307"
"VNP46A2.A2012307.h30v03.001.2020113000810.h5","https://ladsweb.modaps.eosdis.nasa.gov/archive/allData/5000/VNP46A2/2012/307/VNP46A2.A2012307.h30v03.001.2020113000810.h5",2012,"307"
"VNP46A2.A2012307.h30v04.001.2020113002435.h5","https://ladsweb.modaps.eosdis.nasa.gov/archive/allData/5000/VNP46A2/2012/307/VNP46A2.A2012307.h30v04.001.2020113002435.h5",2012,"307"
"VNP46A2.A2012307.h30v05.001.2020112204845.h5","https://ladsweb.modaps.eosdis.nasa.gov/archive/allData/5000/VNP46A2/2012/307/VNP46A2.A2012307.h30v05.001.2020112204845.h5",2012,"307"
"VNP46A2.A2012307.h30v06.001.2020112200617.h5","https://ladsweb.modaps.eosdis.nasa.gov/archive/allData/5000/VNP46A2/2012/307/VNP46A2.A2012307.h30v06.001.2020112200617.h5",2012,"307"
"VNP46A2.A2012307.h30v07.001.2020112210057.h5","https://ladsweb.modaps.eosdis.nasa.gov/archive/allData/5000/VNP46A2/2012/307/VNP46A2.A2012307.h30v07.001.2020112210057.h5",2012,"307"
"VNP46A2.A2012307.h30v08.001.2020112195036.h5","https://ladsweb.modaps.eosdis.nasa.gov/archive/allData/5000/VNP46A2/2012/307/VNP46A2.A2012307.h30v08.001.2020112195036.h5",2012,"307"
"VNP46A2.A2012307.h30v09.001.2020107224232.h5","https://ladsweb.modaps.eosdis.nasa.gov/archive/allData/5000/VNP46A2/2012/307/VNP46A2.A2012307.h30v09.001.2020107224232.h5",2012,"307"
"VNP46A2.A2012307.h30v10.001.2020112201330.h5","https://ladsweb.modaps.eosdis.nasa.gov/archive/allData/5000/VNP46A2/2012/307/VNP46A2.A2012307.h30v10.001.2020112201330.h5",2012,"307"
"VNP46A2.A2012307.h30v11.001.2020113020818.h5","https://ladsweb.modaps.eosdis.nasa.gov/archive/allData/5000/VNP46A2/2012/307/VNP46A2.A2012307.h30v11.001.2020113020818.h5",2012,"307"
"VNP46A2.A2012307.h30v12.001.2020108010442.h5","https://ladsweb.modaps.eosdis.nasa.gov/archive/allData/5000/VNP46A2/2012/307/VNP46A2.A2012307.h30v12.001.2020108010442.h5",2012,"307"
"VNP46A2.A2012307.h30v15.001.2020112220449.h5","https://ladsweb.modaps.eosdis.nasa.gov/archive/allData/5000/VNP46A2/2012/307/VNP46A2.A2012307.h30v15.001.2020112220449.h5",2012,"307"
"VNP46A2.A2012307.h30v16.001.2020112221213.h5","https://ladsweb.modaps.eosdis.nasa.gov/archive/allData/5000/VNP46A2/2012/307/VNP46A2.A2012307.h30v16.001.2020112221213.h5",2012,"307"
"VNP46A2.A2012307.h31v01.001.2020107223616.h5","https://ladsweb.modaps.eosdis.nasa.gov/archive/allData/5000/VNP46A2/2012/307/VNP46A2.A2012307.h31v01.001.2020107223616.h5",2012,"307"
"VNP46A2.A2012307.h31v02.001.2020108020517.h5","https://ladsweb.modaps.eosdis.nasa.gov/archive/allData/5000/VNP46A2/2012/307/VNP46A2.A2012307.h31v02.001.2020108020517.h5",2012,"307"
"VNP46A2.A2012307.h31v03.001.2020108033931.h5","https://ladsweb.modaps.eosdis.nasa.gov/archive/allData/5000/VNP46A2/2012/307/VNP46A2.A2012307.h31v03.001.2020108033931.h5",2012,"307"
"VNP46A2.A2012307.h31v04.001.2020108022003.h5","https://ladsweb.modaps.eosdis.nasa.gov/archive/allData/5000/VNP46A2/2012/307/VNP46A2.A2012307.h31v04.001.2020108022003.h5",2012,"307"
"VNP46A2.A2012307.h31v05.001.2020113182151.h5","https://ladsweb.modaps.eosdis.nasa.gov/archive/allData/5000/VNP46A2/2012/307/VNP46A2.A2012307.h31v05.001.2020113182151.h5",2012,"307"
"VNP46A2.A2012307.h31v06.001.2020107220422.h5","https://ladsweb.modaps.eosdis.nasa.gov/archive/allData/5000/VNP46A2/2012/307/VNP46A2.A2012307.h31v06.001.2020107220422.h5",2012,"307"
"VNP46A2.A2012307.h31v08.001.2020107214915.h5","https://ladsweb.modaps.eosdis.nasa.gov/archive/allData/5000/VNP46A2/2012/307/VNP46A2.A2012307.h31v08.001.2020107214915.h5",2012,"307"
"VNP46A2.A2012307.h31v09.001.2020107221625.h5","https://ladsweb.modaps.eosdis.nasa.gov/archive/allData/5000/VNP46A2/2012/307/VNP46A2.A2012307.h31v09.001.2020107221625.h5",2012,"307"
"VNP46A2.A2012307.h31v10.001.2020108005651.h5","https://ladsweb.modaps.eosdis.nasa.gov/archive/allData/5000/VNP46A2/2012/307/VNP46A2.A2012307.h31v10.001.2020108005651.h5",2012,"307"
"VNP46A2.A2012307.h31v11.001.2020108043904.h5","https://ladsweb.modaps.eosdis.nasa.gov/archive/allData/5000/VNP46A2/2012/307/VNP46A2.A2012307.h31v11.001.2020108043904.h5",2012,"307"
"VNP46A2.A2012307.h31v12.001.2020112215708.h5","https://ladsweb.modaps.eosdis.nasa.gov/archive/allData/5000/VNP46A2/2012/307/VNP46A2.A2012307.h31v12.001.2020112215708.h5",2012,"307"
"VNP46A2.A2012307.h31v15.001.2020112203734.h5","https://ladsweb.modaps.eosdis.nasa.gov/archive/allData/5000/VNP46A2/2012/307/VNP46A2.A2012307.h31v15.001.2020112203734.h5",2012,"307"
"VNP46A2.A2012307.h31v16.001.2020113200634.h5","https://ladsweb.modaps.eosdis.nasa.gov/archive/allData/5000/VNP46A2/2012/307/VNP46A2.A2012307.h31v16.001.2020113200634.h5",2012,"307"
"VNP46A2.A2012307.h32v01.001.2020112212244.h5","https://ladsweb.modaps.eosdis.nasa.gov/archive/allData/5000/VNP46A2/2012/307/VNP46A2.A2012307.h32v01.001.2020112212244.h5",2012,"307"
"VNP46A2.A2012307.h32v02.001.2020113010445.h5","https://ladsweb.modaps.eosdis.nasa.gov/archive/allData/5000/VNP46A2/2012/307/VNP46A2.A2012307.h32v02.001.2020113010445.h5",2012,"307"
"VNP46A2.A2012307.h32v03.001.2020112214844.h5","https://ladsweb.modaps.eosdis.nasa.gov/archive/allData/5000/VNP46A2/2012/307/VNP46A2.A2012307.h32v03.001.2020112214844.h5",2012,"307"
"VNP46A2.A2012307.h32v04.001.2020107231931.h5","https://ladsweb.modaps.eosdis.nasa.gov/archive/allData/5000/VNP46A2/2012/307/VNP46A2.A2012307.h32v04.001.2020107231931.h5",2012,"307"
"VNP46A2.A2012307.h32v05.001.2020112185045.h5","https://ladsweb.modaps.eosdis.nasa.gov/archive/allData/5000/VNP46A2/2012/307/VNP46A2.A2012307.h32v05.001.2020112185045.h5",2012,"307"
"VNP46A2.A2012307.h32v07.001.2020112210659.h5","https://ladsweb.modaps.eosdis.nasa.gov/archive/allData/5000/VNP46A2/2012/307/VNP46A2.A2012307.h32v07.001.2020112210659.h5",2012,"307"
"VNP46A2.A2012307.h32v08.001.2020107215512.h5","https://ladsweb.modaps.eosdis.nasa.gov/archive/allData/5000/VNP46A2/2012/307/VNP46A2.A2012307.h32v08.001.2020107215512.h5",2012,"307"
"VNP46A2.A2012307.h32v09.001.2020108003513.h5","https://ladsweb.modaps.eosdis.nasa.gov/archive/allData/5000/VNP46A2/2012/307/VNP46A2.A2012307.h32v09.001.2020108003513.h5",2012,"307"
"VNP46A2.A2012307.h32v10.001.2020108000259.h5","https://ladsweb.modaps.eosdis.nasa.gov/archive/allData/5000/VNP46A2/2012/307/VNP46A2.A2012307.h32v10.001.2020108000259.h5",2012,"307"
"VNP46A2.A2012307.h32v11.001.2020108041915.h5","https://ladsweb.modaps.eosdis.nasa.gov/archive/allData/5000/VNP46A2/2012/307/VNP46A2.A2012307.h32v11.001.2020108041915.h5",2012,"307"
"VNP46A2.A2012307.h32v12.001.2020108030716.h5","https://ladsweb.modaps.eosdis.nasa.gov/archive/allData/5000/VNP46A2/2012/307/VNP46A2.A2012307.h32v12.001.2020108030716.h5",2012,"307"
"VNP46A2.A2012307.h32v13.001.2020107221714.h5","https://ladsweb.modaps.eosdis.nasa.gov/archive/allData/5000/VNP46A2/2012/307/VNP46A2.A2012307.h32v13.001.2020107221714.h5",2012,"307"
"VNP46A2.A2012307.h32v15.001.2020112201613.h5","https://ladsweb.modaps.eosdis.nasa.gov/archive/allData/5000/VNP46A2/2012/307/VNP46A2.A2012307.h32v15.001.2020112201613.h5",2012,"307"
"VNP46A2.A2012307.h32v16.001.2020112222619.h5","https://ladsweb.modaps.eosdis.nasa.gov/archive/allData/5000/VNP46A2/2012/307/VNP46A2.A2012307.h32v16.001.2020112222619.h5",2012,"307"
"VNP46A2.A2012307.h33v01.001.2020113174229.h5","https://ladsweb.modaps.eosdis.nasa.gov/archive/allData/5000/VNP46A2/2012/307/VNP46A2.A2012307.h33v01.001.2020113174229.h5",2012,"307"
"VNP46A2.A2012307.h33v02.001.2020113004421.h5","https://ladsweb.modaps.eosdis.nasa.gov/archive/allData/5000/VNP46A2/2012/307/VNP46A2.A2012307.h33v02.001.2020113004421.h5",2012,"307"
"VNP46A2.A2012307.h33v03.001.2020112212703.h5","https://ladsweb.modaps.eosdis.nasa.gov/archive/allData/5000/VNP46A2/2012/307/VNP46A2.A2012307.h33v03.001.2020112212703.h5",2012,"307"
"VNP46A2.A2012307.h33v04.001.2020112163855.h5","https://ladsweb.modaps.eosdis.nasa.gov/archive/allData/5000/VNP46A2/2012/307/VNP46A2.A2012307.h33v04.001.2020112163855.h5",2012,"307"
"VNP46A2.A2012307.h33v08.001.2020112171133.h5","https://ladsweb.modaps.eosdis.nasa.gov/archive/allData/5000/VNP46A2/2012/307/VNP46A2.A2012307.h33v08.001.2020112171133.h5",2012,"307"
"VNP46A2.A2012307.h33v09.001.2020107224500.h5","https://ladsweb.modaps.eosdis.nasa.gov/archive/allData/5000/VNP46A2/2012/307/VNP46A2.A2012307.h33v09.001.2020107224500.h5",2012,"307"
"VNP46A2.A2012307.h33v10.001.2020107225036.h5","https://ladsweb.modaps.eosdis.nasa.gov/archive/allData/5000/VNP46A2/2012/307/VNP46A2.A2012307.h33v10.001.2020107225036.h5",2012,"307"
"VNP46A2.A2012307.h33v11.001.2020112203650.h5","https://ladsweb.modaps.eosdis.nasa.gov/archive/allData/5000/VNP46A2/2012/307/VNP46A2.A2012307.h33v11.001.2020112203650.h5",2012,"307"
"VNP46A2.A2012307.h33v12.001.2020107225426.h5","https://ladsweb.modaps.eosdis.nasa.gov/archive/allData/5000/VNP46A2/2012/307/VNP46A2.A2012307.h33v12.001.2020107225426.h5",2012,"307"
"VNP46A2.A2012307.h33v15.001.2020107234004.h5","https://ladsweb.modaps.eosdis.nasa.gov/archive/allData/5000/VNP46A2/2012/307/VNP46A2.A2012307.h33v15.001.2020107234004.h5",2012,"307"
"VNP46A2.A2012307.h33v16.001.2020112230225.h5","https://ladsweb.modaps.eosdis.nasa.gov/archive/allData/5000/VNP46A2/2012/307/VNP46A2.A2012307.h33v16.001.2020112230225.h5",2012,"307"
"VNP46A2.A2012307.h34v02.001.2020112232751.h5","https://ladsweb.modaps.eosdis.nasa.gov/archive/allData/5000/VNP46A2/2012/307/VNP46A2.A2012307.h34v02.001.2020112232751.h5",2012,"307"
"VNP46A2.A2012307.h34v03.001.2020112195129.h5","https://ladsweb.modaps.eosdis.nasa.gov/archive/allData/5000/VNP46A2/2012/307/VNP46A2.A2012307.h34v03.001.2020112195129.h5",2012,"307"
"VNP46A2.A2012307.h34v06.001.2020112162045.h5","https://ladsweb.modaps.eosdis.nasa.gov/archive/allData/5000/VNP46A2/2012/307/VNP46A2.A2012307.h34v06.001.2020112162045.h5",2012,"307"
"VNP46A2.A2012307.h34v07.001.2020112180846.h5","https://ladsweb.modaps.eosdis.nasa.gov/archive/allData/5000/VNP46A2/2012/307/VNP46A2.A2012307.h34v07.001.2020112180846.h5",2012,"307"
"VNP46A2.A2012307.h34v08.001.2020112204848.h5","https://ladsweb.modaps.eosdis.nasa.gov/archive/allData/5000/VNP46A2/2012/307/VNP46A2.A2012307.h34v08.001.2020112204848.h5",2012,"307"
"VNP46A2.A2012307.h34v09.001.2020112204849.h5","https://ladsweb.modaps.eosdis.nasa.gov/archive/allData/5000/VNP46A2/2012/307/VNP46A2.A2012307.h34v09.001.2020112204849.h5",2012,"307"
"VNP46A2.A2012307.h34v10.001.2020107221818.h5","https://ladsweb.modaps.eosdis.nasa.gov/archive/allData/5000/VNP46A2/2012/307/VNP46A2.A2012307.h34v10.001.2020107221818.h5",2012,"307"
"VNP46A2.A2012307.h34v11.001.2020112182225.h5","https://ladsweb.modaps.eosdis.nasa.gov/archive/allData/5000/VNP46A2/2012/307/VNP46A2.A2012307.h34v11.001.2020112182225.h5",2012,"307"
"VNP46A2.A2012307.h34v13.001.2020107221023.h5","https://ladsweb.modaps.eosdis.nasa.gov/archive/allData/5000/VNP46A2/2012/307/VNP46A2.A2012307.h34v13.001.2020107221023.h5",2012,"307"
"VNP46A2.A2012307.h34v14.001.2020112174411.h5","https://ladsweb.modaps.eosdis.nasa.gov/archive/allData/5000/VNP46A2/2012/307/VNP46A2.A2012307.h34v14.001.2020112174411.h5",2012,"307"
"VNP46A2.A2012307.h34v15.001.2020112165416.h5","https://ladsweb.modaps.eosdis.nasa.gov/archive/allData/5000/VNP46A2/2012/307/VNP46A2.A2012307.h34v15.001.2020112165416.h5",2012,"307"
"VNP46A2.A2012307.h34v16.001.2020112223010.h5","https://ladsweb.modaps.eosdis.nasa.gov/archive/allData/5000/VNP46A2/2012/307/VNP46A2.A2012307.h34v16.001.2020112223010.h5",2012,"307"
"VNP46A2.A2012307.h35v01.001.2020107231933.h5","https://ladsweb.modaps.eosdis.nasa.gov/archive/allData/5000/VNP46A2/2012/307/VNP46A2.A2012307.h35v01.001.2020107231933.h5",2012,"307"
"VNP46A2.A2012307.h35v02.001.2020108024025.h5","https://ladsweb.modaps.eosdis.nasa.gov/archive/allData/5000/VNP46A2/2012/307/VNP46A2.A2012307.h35v02.001.2020108024025.h5",2012,"307"
"VNP46A2.A2012307.h35v03.001.2020112181603.h5","https://ladsweb.modaps.eosdis.nasa.gov/archive/allData/5000/VNP46A2/2012/307/VNP46A2.A2012307.h35v03.001.2020112181603.h5",2012,"307"
"VNP46A2.A2012307.h35v08.001.2020112184222.h5","https://ladsweb.modaps.eosdis.nasa.gov/archive/allData/5000/VNP46A2/2012/307/VNP46A2.A2012307.h35v08.001.2020112184222.h5",2012,"307"
"VNP46A2.A2012307.h35v09.001.2020112205359.h5","https://ladsweb.modaps.eosdis.nasa.gov/archive/allData/5000/VNP46A2/2012/307/VNP46A2.A2012307.h35v09.001.2020112205359.h5",2012,"307"
"VNP46A2.A2012307.h35v10.001.2020107211425.h5","https://ladsweb.modaps.eosdis.nasa.gov/archive/allData/5000/VNP46A2/2012/307/VNP46A2.A2012307.h35v10.001.2020107211425.h5",2012,"307"
"VNP46A2.A2012307.h35v11.001.2020112165038.h5","https://ladsweb.modaps.eosdis.nasa.gov/archive/allData/5000/VNP46A2/2012/307/VNP46A2.A2012307.h35v11.001.2020112165038.h5",2012,"307"
"VNP46A2.A2012307.h35v12.001.2020107220429.h5","https://ladsweb.modaps.eosdis.nasa.gov/archive/allData/5000/VNP46A2/2012/307/VNP46A2.A2012307.h35v12.001.2020107220429.h5",2012,"307"
"VNP46A2.A2012307.h35v13.001.2020112203954.h5","https://ladsweb.modaps.eosdis.nasa.gov/archive/allData/5000/VNP46A2/2012/307/VNP46A2.A2012307.h35v13.001.2020112203954.h5",2012,"307"
"VNP46A2.A2012307.h35v16.001.2020112215317.h5","https://ladsweb.modaps.eosdis.nasa.gov/archive/allData/5000/VNP46A2/2012/307/VNP46A2.A2012307.h35v16.001.2020112215317.h5",2012,"307"
