"name","downloadsLink","year","day"
"VNP46A1.A2020241.h00v01.001.2020242082244.h5","https://ladsweb.modaps.eosdis.nasa.gov/archive/allData/5000/VNP46A1/2020/241/VNP46A1.A2020241.h00v01.001.2020242082244.h5",2020,"241"
"VNP46A1.A2020241.h00v02.001.2020242082308.h5","https://ladsweb.modaps.eosdis.nasa.gov/archive/allData/5000/VNP46A1/2020/241/VNP46A1.A2020241.h00v02.001.2020242082308.h5",2020,"241"
"VNP46A1.A2020241.h00v03.001.2020242082304.h5","https://ladsweb.modaps.eosdis.nasa.gov/archive/allData/5000/VNP46A1/2020/241/VNP46A1.A2020241.h00v03.001.2020242082304.h5",2020,"241"
"VNP46A1.A2020241.h00v04.001.2020242082237.h5","https://ladsweb.modaps.eosdis.nasa.gov/archive/allData/5000/VNP46A1/2020/241/VNP46A1.A2020241.h00v04.001.2020242082237.h5",2020,"241"
"VNP46A1.A2020241.h00v05.001.2020242082250.h5","https://ladsweb.modaps.eosdis.nasa.gov/archive/allData/5000/VNP46A1/2020/241/VNP46A1.A2020241.h00v05.001.2020242082250.h5",2020,"241"
"VNP46A1.A2020241.h00v06.001.2020242082231.h5","https://ladsweb.modaps.eosdis.nasa.gov/archive/allData/5000/VNP46A1/2020/241/VNP46A1.A2020241.h00v06.001.2020242082231.h5",2020,"241"
"VNP46A1.A2020241.h00v07.001.2020242082247.h5","https://ladsweb.modaps.eosdis.nasa.gov/archive/allData/5000/VNP46A1/2020/241/VNP46A1.A2020241.h00v07.001.2020242082247.h5",2020,"241"
"VNP46A1.A2020241.h00v08.001.2020242082307.h5","https://ladsweb.modaps.eosdis.nasa.gov/archive/allData/5000/VNP46A1/2020/241/VNP46A1.A2020241.h00v08.001.2020242082307.h5",2020,"241"
"VNP46A1.A2020241.h00v09.001.2020242082223.h5","https://ladsweb.modaps.eosdis.nasa.gov/archive/allData/5000/VNP46A1/2020/241/VNP46A1.A2020241.h00v09.001.2020242082223.h5",2020,"241"
"VNP46A1.A2020241.h00v10.001.2020242082407.h5","https://ladsweb.modaps.eosdis.nasa.gov/archive/allData/5000/VNP46A1/2020/241/VNP46A1.A2020241.h00v10.001.2020242082407.h5",2020,"241"
"VNP46A1.A2020241.h00v11.001.2020242082233.h5","https://ladsweb.modaps.eosdis.nasa.gov/archive/allData/5000/VNP46A1/2020/241/VNP46A1.A2020241.h00v11.001.2020242082233.h5",2020,"241"
"VNP46A1.A2020241.h00v12.001.2020242082240.h5","https://ladsweb.modaps.eosdis.nasa.gov/archive/allData/5000/VNP46A1/2020/241/VNP46A1.A2020241.h00v12.001.2020242082240.h5",2020,"241"
"VNP46A1.A2020241.h00v13.001.2020242082308.h5","https://ladsweb.modaps.eosdis.nasa.gov/archive/allData/5000/VNP46A1/2020/241/VNP46A1.A2020241.h00v13.001.2020242082308.h5",2020,"241"
"VNP46A1.A2020241.h00v14.001.2020242082339.h5","https://ladsweb.modaps.eosdis.nasa.gov/archive/allData/5000/VNP46A1/2020/241/VNP46A1.A2020241.h00v14.001.2020242082339.h5",2020,"241"
"VNP46A1.A2020241.h00v15.001.2020242082325.h5","https://ladsweb.modaps.eosdis.nasa.gov/archive/allData/5000/VNP46A1/2020/241/VNP46A1.A2020241.h00v15.001.2020242082325.h5",2020,"241"
"VNP46A1.A2020241.h00v16.001.2020242082300.h5","https://ladsweb.modaps.eosdis.nasa.gov/archive/allData/5000/VNP46A1/2020/241/VNP46A1.A2020241.h00v16.001.2020242082300.h5",2020,"241"
"VNP46A1.A2020241.h00v17.001.2020242082322.h5","https://ladsweb.modaps.eosdis.nasa.gov/archive/allData/5000/VNP46A1/2020/241/VNP46A1.A2020241.h00v17.001.2020242082322.h5",2020,"241"
"VNP46A1.A2020241.h01v01.001.2020242082258.h5","https://ladsweb.modaps.eosdis.nasa.gov/archive/allData/5000/VNP46A1/2020/241/VNP46A1.A2020241.h01v01.001.2020242082258.h5",2020,"241"
"VNP46A1.A2020241.h01v02.001.2020242082247.h5","https://ladsweb.modaps.eosdis.nasa.gov/archive/allData/5000/VNP46A1/2020/241/VNP46A1.A2020241.h01v02.001.2020242082247.h5",2020,"241"
"VNP46A1.A2020241.h01v03.001.2020242082246.h5","https://ladsweb.modaps.eosdis.nasa.gov/archive/allData/5000/VNP46A1/2020/241/VNP46A1.A2020241.h01v03.001.2020242082246.h5",2020,"241"
"VNP46A1.A2020241.h01v04.001.2020242082246.h5","https://ladsweb.modaps.eosdis.nasa.gov/archive/allData/5000/VNP46A1/2020/241/VNP46A1.A2020241.h01v04.001.2020242082246.h5",2020,"241"
"VNP46A1.A2020241.h01v05.001.2020242082242.h5","https://ladsweb.modaps.eosdis.nasa.gov/archive/allData/5000/VNP46A1/2020/241/VNP46A1.A2020241.h01v05.001.2020242082242.h5",2020,"241"
"VNP46A1.A2020241.h01v06.001.2020242082227.h5","https://ladsweb.modaps.eosdis.nasa.gov/archive/allData/5000/VNP46A1/2020/241/VNP46A1.A2020241.h01v06.001.2020242082227.h5",2020,"241"
"VNP46A1.A2020241.h01v07.001.2020242082235.h5","https://ladsweb.modaps.eosdis.nasa.gov/archive/allData/5000/VNP46A1/2020/241/VNP46A1.A2020241.h01v07.001.2020242082235.h5",2020,"241"
"VNP46A1.A2020241.h01v08.001.2020242082234.h5","https://ladsweb.modaps.eosdis.nasa.gov/archive/allData/5000/VNP46A1/2020/241/VNP46A1.A2020241.h01v08.001.2020242082234.h5",2020,"241"
"VNP46A1.A2020241.h01v09.001.2020242082234.h5","https://ladsweb.modaps.eosdis.nasa.gov/archive/allData/5000/VNP46A1/2020/241/VNP46A1.A2020241.h01v09.001.2020242082234.h5",2020,"241"
"VNP46A1.A2020241.h01v10.001.2020242082230.h5","https://ladsweb.modaps.eosdis.nasa.gov/archive/allData/5000/VNP46A1/2020/241/VNP46A1.A2020241.h01v10.001.2020242082230.h5",2020,"241"
"VNP46A1.A2020241.h01v11.001.2020242082247.h5","https://ladsweb.modaps.eosdis.nasa.gov/archive/allData/5000/VNP46A1/2020/241/VNP46A1.A2020241.h01v11.001.2020242082247.h5",2020,"241"
"VNP46A1.A2020241.h01v12.001.2020242082226.h5","https://ladsweb.modaps.eosdis.nasa.gov/archive/allData/5000/VNP46A1/2020/241/VNP46A1.A2020241.h01v12.001.2020242082226.h5",2020,"241"
"VNP46A1.A2020241.h01v13.001.2020242082234.h5","https://ladsweb.modaps.eosdis.nasa.gov/archive/allData/5000/VNP46A1/2020/241/VNP46A1.A2020241.h01v13.001.2020242082234.h5",2020,"241"
"VNP46A1.A2020241.h01v14.001.2020242082320.h5","https://ladsweb.modaps.eosdis.nasa.gov/archive/allData/5000/VNP46A1/2020/241/VNP46A1.A2020241.h01v14.001.2020242082320.h5",2020,"241"
"VNP46A1.A2020241.h01v15.001.2020242082316.h5","https://ladsweb.modaps.eosdis.nasa.gov/archive/allData/5000/VNP46A1/2020/241/VNP46A1.A2020241.h01v15.001.2020242082316.h5",2020,"241"
"VNP46A1.A2020241.h01v16.001.2020242082316.h5","https://ladsweb.modaps.eosdis.nasa.gov/archive/allData/5000/VNP46A1/2020/241/VNP46A1.A2020241.h01v16.001.2020242082316.h5",2020,"241"
"VNP46A1.A2020241.h01v17.001.2020242082331.h5","https://ladsweb.modaps.eosdis.nasa.gov/archive/allData/5000/VNP46A1/2020/241/VNP46A1.A2020241.h01v17.001.2020242082331.h5",2020,"241"
"VNP46A1.A2020241.h02v01.001.2020242082226.h5","https://ladsweb.modaps.eosdis.nasa.gov/archive/allData/5000/VNP46A1/2020/241/VNP46A1.A2020241.h02v01.001.2020242082226.h5",2020,"241"
"VNP46A1.A2020241.h02v02.001.2020242082328.h5","https://ladsweb.modaps.eosdis.nasa.gov/archive/allData/5000/VNP46A1/2020/241/VNP46A1.A2020241.h02v02.001.2020242082328.h5",2020,"241"
"VNP46A1.A2020241.h02v03.001.2020242082304.h5","https://ladsweb.modaps.eosdis.nasa.gov/archive/allData/5000/VNP46A1/2020/241/VNP46A1.A2020241.h02v03.001.2020242082304.h5",2020,"241"
"VNP46A1.A2020241.h02v04.001.2020242082233.h5","https://ladsweb.modaps.eosdis.nasa.gov/archive/allData/5000/VNP46A1/2020/241/VNP46A1.A2020241.h02v04.001.2020242082233.h5",2020,"241"
"VNP46A1.A2020241.h02v05.001.2020242082229.h5","https://ladsweb.modaps.eosdis.nasa.gov/archive/allData/5000/VNP46A1/2020/241/VNP46A1.A2020241.h02v05.001.2020242082229.h5",2020,"241"
"VNP46A1.A2020241.h02v06.001.2020242082255.h5","https://ladsweb.modaps.eosdis.nasa.gov/archive/allData/5000/VNP46A1/2020/241/VNP46A1.A2020241.h02v06.001.2020242082255.h5",2020,"241"
"VNP46A1.A2020241.h02v07.001.2020242082248.h5","https://ladsweb.modaps.eosdis.nasa.gov/archive/allData/5000/VNP46A1/2020/241/VNP46A1.A2020241.h02v07.001.2020242082248.h5",2020,"241"
"VNP46A1.A2020241.h02v08.001.2020242082242.h5","https://ladsweb.modaps.eosdis.nasa.gov/archive/allData/5000/VNP46A1/2020/241/VNP46A1.A2020241.h02v08.001.2020242082242.h5",2020,"241"
"VNP46A1.A2020241.h02v09.001.2020242082233.h5","https://ladsweb.modaps.eosdis.nasa.gov/archive/allData/5000/VNP46A1/2020/241/VNP46A1.A2020241.h02v09.001.2020242082233.h5",2020,"241"
"VNP46A1.A2020241.h02v10.001.2020242082239.h5","https://ladsweb.modaps.eosdis.nasa.gov/archive/allData/5000/VNP46A1/2020/241/VNP46A1.A2020241.h02v10.001.2020242082239.h5",2020,"241"
"VNP46A1.A2020241.h02v11.001.2020242082229.h5","https://ladsweb.modaps.eosdis.nasa.gov/archive/allData/5000/VNP46A1/2020/241/VNP46A1.A2020241.h02v11.001.2020242082229.h5",2020,"241"
"VNP46A1.A2020241.h02v12.001.2020242082233.h5","https://ladsweb.modaps.eosdis.nasa.gov/archive/allData/5000/VNP46A1/2020/241/VNP46A1.A2020241.h02v12.001.2020242082233.h5",2020,"241"
"VNP46A1.A2020241.h02v13.001.2020242082242.h5","https://ladsweb.modaps.eosdis.nasa.gov/archive/allData/5000/VNP46A1/2020/241/VNP46A1.A2020241.h02v13.001.2020242082242.h5",2020,"241"
"VNP46A1.A2020241.h02v14.001.2020242082235.h5","https://ladsweb.modaps.eosdis.nasa.gov/archive/allData/5000/VNP46A1/2020/241/VNP46A1.A2020241.h02v14.001.2020242082235.h5",2020,"241"
"VNP46A1.A2020241.h02v15.001.2020242082252.h5","https://ladsweb.modaps.eosdis.nasa.gov/archive/allData/5000/VNP46A1/2020/241/VNP46A1.A2020241.h02v15.001.2020242082252.h5",2020,"241"
"VNP46A1.A2020241.h02v16.001.2020242082327.h5","https://ladsweb.modaps.eosdis.nasa.gov/archive/allData/5000/VNP46A1/2020/241/VNP46A1.A2020241.h02v16.001.2020242082327.h5",2020,"241"
"VNP46A1.A2020241.h02v17.001.2020242082325.h5","https://ladsweb.modaps.eosdis.nasa.gov/archive/allData/5000/VNP46A1/2020/241/VNP46A1.A2020241.h02v17.001.2020242082325.h5",2020,"241"
"VNP46A1.A2020241.h03v01.001.2020242082249.h5","https://ladsweb.modaps.eosdis.nasa.gov/archive/allData/5000/VNP46A1/2020/241/VNP46A1.A2020241.h03v01.001.2020242082249.h5",2020,"241"
"VNP46A1.A2020241.h03v02.001.2020242082256.h5","https://ladsweb.modaps.eosdis.nasa.gov/archive/allData/5000/VNP46A1/2020/241/VNP46A1.A2020241.h03v02.001.2020242082256.h5",2020,"241"
"VNP46A1.A2020241.h03v03.001.2020242082302.h5","https://ladsweb.modaps.eosdis.nasa.gov/archive/allData/5000/VNP46A1/2020/241/VNP46A1.A2020241.h03v03.001.2020242082302.h5",2020,"241"
"VNP46A1.A2020241.h03v04.001.2020242082247.h5","https://ladsweb.modaps.eosdis.nasa.gov/archive/allData/5000/VNP46A1/2020/241/VNP46A1.A2020241.h03v04.001.2020242082247.h5",2020,"241"
"VNP46A1.A2020241.h03v05.001.2020242082320.h5","https://ladsweb.modaps.eosdis.nasa.gov/archive/allData/5000/VNP46A1/2020/241/VNP46A1.A2020241.h03v05.001.2020242082320.h5",2020,"241"
"VNP46A1.A2020241.h03v06.001.2020242082234.h5","https://ladsweb.modaps.eosdis.nasa.gov/archive/allData/5000/VNP46A1/2020/241/VNP46A1.A2020241.h03v06.001.2020242082234.h5",2020,"241"
"VNP46A1.A2020241.h03v07.001.2020242082223.h5","https://ladsweb.modaps.eosdis.nasa.gov/archive/allData/5000/VNP46A1/2020/241/VNP46A1.A2020241.h03v07.001.2020242082223.h5",2020,"241"
"VNP46A1.A2020241.h03v08.001.2020242082227.h5","https://ladsweb.modaps.eosdis.nasa.gov/archive/allData/5000/VNP46A1/2020/241/VNP46A1.A2020241.h03v08.001.2020242082227.h5",2020,"241"
"VNP46A1.A2020241.h03v09.001.2020242082232.h5","https://ladsweb.modaps.eosdis.nasa.gov/archive/allData/5000/VNP46A1/2020/241/VNP46A1.A2020241.h03v09.001.2020242082232.h5",2020,"241"
"VNP46A1.A2020241.h03v10.001.2020242082239.h5","https://ladsweb.modaps.eosdis.nasa.gov/archive/allData/5000/VNP46A1/2020/241/VNP46A1.A2020241.h03v10.001.2020242082239.h5",2020,"241"
"VNP46A1.A2020241.h03v11.001.2020242082249.h5","https://ladsweb.modaps.eosdis.nasa.gov/archive/allData/5000/VNP46A1/2020/241/VNP46A1.A2020241.h03v11.001.2020242082249.h5",2020,"241"
"VNP46A1.A2020241.h03v12.001.2020242082246.h5","https://ladsweb.modaps.eosdis.nasa.gov/archive/allData/5000/VNP46A1/2020/241/VNP46A1.A2020241.h03v12.001.2020242082246.h5",2020,"241"
"VNP46A1.A2020241.h03v13.001.2020242082249.h5","https://ladsweb.modaps.eosdis.nasa.gov/archive/allData/5000/VNP46A1/2020/241/VNP46A1.A2020241.h03v13.001.2020242082249.h5",2020,"241"
"VNP46A1.A2020241.h03v14.001.2020242082242.h5","https://ladsweb.modaps.eosdis.nasa.gov/archive/allData/5000/VNP46A1/2020/241/VNP46A1.A2020241.h03v14.001.2020242082242.h5",2020,"241"
"VNP46A1.A2020241.h03v15.001.2020242082322.h5","https://ladsweb.modaps.eosdis.nasa.gov/archive/allData/5000/VNP46A1/2020/241/VNP46A1.A2020241.h03v15.001.2020242082322.h5",2020,"241"
"VNP46A1.A2020241.h03v16.001.2020242082327.h5","https://ladsweb.modaps.eosdis.nasa.gov/archive/allData/5000/VNP46A1/2020/241/VNP46A1.A2020241.h03v16.001.2020242082327.h5",2020,"241"
"VNP46A1.A2020241.h03v17.001.2020242082315.h5","https://ladsweb.modaps.eosdis.nasa.gov/archive/allData/5000/VNP46A1/2020/241/VNP46A1.A2020241.h03v17.001.2020242082315.h5",2020,"241"
"VNP46A1.A2020241.h04v01.001.2020242082239.h5","https://ladsweb.modaps.eosdis.nasa.gov/archive/allData/5000/VNP46A1/2020/241/VNP46A1.A2020241.h04v01.001.2020242082239.h5",2020,"241"
"VNP46A1.A2020241.h04v02.001.2020242082237.h5","https://ladsweb.modaps.eosdis.nasa.gov/archive/allData/5000/VNP46A1/2020/241/VNP46A1.A2020241.h04v02.001.2020242082237.h5",2020,"241"
"VNP46A1.A2020241.h04v03.001.2020242082253.h5","https://ladsweb.modaps.eosdis.nasa.gov/archive/allData/5000/VNP46A1/2020/241/VNP46A1.A2020241.h04v03.001.2020242082253.h5",2020,"241"
"VNP46A1.A2020241.h04v04.001.2020242082243.h5","https://ladsweb.modaps.eosdis.nasa.gov/archive/allData/5000/VNP46A1/2020/241/VNP46A1.A2020241.h04v04.001.2020242082243.h5",2020,"241"
"VNP46A1.A2020241.h04v05.001.2020242082252.h5","https://ladsweb.modaps.eosdis.nasa.gov/archive/allData/5000/VNP46A1/2020/241/VNP46A1.A2020241.h04v05.001.2020242082252.h5",2020,"241"
"VNP46A1.A2020241.h04v06.001.2020242082251.h5","https://ladsweb.modaps.eosdis.nasa.gov/archive/allData/5000/VNP46A1/2020/241/VNP46A1.A2020241.h04v06.001.2020242082251.h5",2020,"241"
"VNP46A1.A2020241.h04v07.001.2020242082228.h5","https://ladsweb.modaps.eosdis.nasa.gov/archive/allData/5000/VNP46A1/2020/241/VNP46A1.A2020241.h04v07.001.2020242082228.h5",2020,"241"
"VNP46A1.A2020241.h04v08.001.2020242082240.h5","https://ladsweb.modaps.eosdis.nasa.gov/archive/allData/5000/VNP46A1/2020/241/VNP46A1.A2020241.h04v08.001.2020242082240.h5",2020,"241"
"VNP46A1.A2020241.h04v09.001.2020242082258.h5","https://ladsweb.modaps.eosdis.nasa.gov/archive/allData/5000/VNP46A1/2020/241/VNP46A1.A2020241.h04v09.001.2020242082258.h5",2020,"241"
"VNP46A1.A2020241.h04v10.001.2020242082227.h5","https://ladsweb.modaps.eosdis.nasa.gov/archive/allData/5000/VNP46A1/2020/241/VNP46A1.A2020241.h04v10.001.2020242082227.h5",2020,"241"
"VNP46A1.A2020241.h04v11.001.2020242082253.h5","https://ladsweb.modaps.eosdis.nasa.gov/archive/allData/5000/VNP46A1/2020/241/VNP46A1.A2020241.h04v11.001.2020242082253.h5",2020,"241"
"VNP46A1.A2020241.h04v12.001.2020242082221.h5","https://ladsweb.modaps.eosdis.nasa.gov/archive/allData/5000/VNP46A1/2020/241/VNP46A1.A2020241.h04v12.001.2020242082221.h5",2020,"241"
"VNP46A1.A2020241.h04v13.001.2020242082322.h5","https://ladsweb.modaps.eosdis.nasa.gov/archive/allData/5000/VNP46A1/2020/241/VNP46A1.A2020241.h04v13.001.2020242082322.h5",2020,"241"
"VNP46A1.A2020241.h04v14.001.2020242082254.h5","https://ladsweb.modaps.eosdis.nasa.gov/archive/allData/5000/VNP46A1/2020/241/VNP46A1.A2020241.h04v14.001.2020242082254.h5",2020,"241"
"VNP46A1.A2020241.h04v15.001.2020242082316.h5","https://ladsweb.modaps.eosdis.nasa.gov/archive/allData/5000/VNP46A1/2020/241/VNP46A1.A2020241.h04v15.001.2020242082316.h5",2020,"241"
"VNP46A1.A2020241.h04v16.001.2020242082331.h5","https://ladsweb.modaps.eosdis.nasa.gov/archive/allData/5000/VNP46A1/2020/241/VNP46A1.A2020241.h04v16.001.2020242082331.h5",2020,"241"
"VNP46A1.A2020241.h04v17.001.2020242082517.h5","https://ladsweb.modaps.eosdis.nasa.gov/archive/allData/5000/VNP46A1/2020/241/VNP46A1.A2020241.h04v17.001.2020242082517.h5",2020,"241"
"VNP46A1.A2020241.h05v01.001.2020242082325.h5","https://ladsweb.modaps.eosdis.nasa.gov/archive/allData/5000/VNP46A1/2020/241/VNP46A1.A2020241.h05v01.001.2020242082325.h5",2020,"241"
"VNP46A1.A2020241.h05v02.001.2020242082256.h5","https://ladsweb.modaps.eosdis.nasa.gov/archive/allData/5000/VNP46A1/2020/241/VNP46A1.A2020241.h05v02.001.2020242082256.h5",2020,"241"
"VNP46A1.A2020241.h05v03.001.2020242082305.h5","https://ladsweb.modaps.eosdis.nasa.gov/archive/allData/5000/VNP46A1/2020/241/VNP46A1.A2020241.h05v03.001.2020242082305.h5",2020,"241"
"VNP46A1.A2020241.h05v04.001.2020242082322.h5","https://ladsweb.modaps.eosdis.nasa.gov/archive/allData/5000/VNP46A1/2020/241/VNP46A1.A2020241.h05v04.001.2020242082322.h5",2020,"241"
"VNP46A1.A2020241.h05v05.001.2020242082302.h5","https://ladsweb.modaps.eosdis.nasa.gov/archive/allData/5000/VNP46A1/2020/241/VNP46A1.A2020241.h05v05.001.2020242082302.h5",2020,"241"
"VNP46A1.A2020241.h05v06.001.2020242082302.h5","https://ladsweb.modaps.eosdis.nasa.gov/archive/allData/5000/VNP46A1/2020/241/VNP46A1.A2020241.h05v06.001.2020242082302.h5",2020,"241"
"VNP46A1.A2020241.h05v07.001.2020242082304.h5","https://ladsweb.modaps.eosdis.nasa.gov/archive/allData/5000/VNP46A1/2020/241/VNP46A1.A2020241.h05v07.001.2020242082304.h5",2020,"241"
"VNP46A1.A2020241.h05v08.001.2020242082315.h5","https://ladsweb.modaps.eosdis.nasa.gov/archive/allData/5000/VNP46A1/2020/241/VNP46A1.A2020241.h05v08.001.2020242082315.h5",2020,"241"
"VNP46A1.A2020241.h05v09.001.2020242082309.h5","https://ladsweb.modaps.eosdis.nasa.gov/archive/allData/5000/VNP46A1/2020/241/VNP46A1.A2020241.h05v09.001.2020242082309.h5",2020,"241"
"VNP46A1.A2020241.h05v10.001.2020242082328.h5","https://ladsweb.modaps.eosdis.nasa.gov/archive/allData/5000/VNP46A1/2020/241/VNP46A1.A2020241.h05v10.001.2020242082328.h5",2020,"241"
"VNP46A1.A2020241.h05v11.001.2020242082402.h5","https://ladsweb.modaps.eosdis.nasa.gov/archive/allData/5000/VNP46A1/2020/241/VNP46A1.A2020241.h05v11.001.2020242082402.h5",2020,"241"
"VNP46A1.A2020241.h05v12.001.2020242082325.h5","https://ladsweb.modaps.eosdis.nasa.gov/archive/allData/5000/VNP46A1/2020/241/VNP46A1.A2020241.h05v12.001.2020242082325.h5",2020,"241"
"VNP46A1.A2020241.h05v13.001.2020242082317.h5","https://ladsweb.modaps.eosdis.nasa.gov/archive/allData/5000/VNP46A1/2020/241/VNP46A1.A2020241.h05v13.001.2020242082317.h5",2020,"241"
"VNP46A1.A2020241.h05v14.001.2020242082306.h5","https://ladsweb.modaps.eosdis.nasa.gov/archive/allData/5000/VNP46A1/2020/241/VNP46A1.A2020241.h05v14.001.2020242082306.h5",2020,"241"
"VNP46A1.A2020241.h05v15.001.2020242082313.h5","https://ladsweb.modaps.eosdis.nasa.gov/archive/allData/5000/VNP46A1/2020/241/VNP46A1.A2020241.h05v15.001.2020242082313.h5",2020,"241"
"VNP46A1.A2020241.h05v16.001.2020242082337.h5","https://ladsweb.modaps.eosdis.nasa.gov/archive/allData/5000/VNP46A1/2020/241/VNP46A1.A2020241.h05v16.001.2020242082337.h5",2020,"241"
"VNP46A1.A2020241.h05v17.001.2020242082328.h5","https://ladsweb.modaps.eosdis.nasa.gov/archive/allData/5000/VNP46A1/2020/241/VNP46A1.A2020241.h05v17.001.2020242082328.h5",2020,"241"
"VNP46A1.A2020241.h06v01.001.2020242082256.h5","https://ladsweb.modaps.eosdis.nasa.gov/archive/allData/5000/VNP46A1/2020/241/VNP46A1.A2020241.h06v01.001.2020242082256.h5",2020,"241"
"VNP46A1.A2020241.h06v02.001.2020242082336.h5","https://ladsweb.modaps.eosdis.nasa.gov/archive/allData/5000/VNP46A1/2020/241/VNP46A1.A2020241.h06v02.001.2020242082336.h5",2020,"241"
"VNP46A1.A2020241.h06v03.001.2020242082302.h5","https://ladsweb.modaps.eosdis.nasa.gov/archive/allData/5000/VNP46A1/2020/241/VNP46A1.A2020241.h06v03.001.2020242082302.h5",2020,"241"
"VNP46A1.A2020241.h06v04.001.2020242082247.h5","https://ladsweb.modaps.eosdis.nasa.gov/archive/allData/5000/VNP46A1/2020/241/VNP46A1.A2020241.h06v04.001.2020242082247.h5",2020,"241"
"VNP46A1.A2020241.h06v05.001.2020242082257.h5","https://ladsweb.modaps.eosdis.nasa.gov/archive/allData/5000/VNP46A1/2020/241/VNP46A1.A2020241.h06v05.001.2020242082257.h5",2020,"241"
"VNP46A1.A2020241.h06v06.001.2020242082308.h5","https://ladsweb.modaps.eosdis.nasa.gov/archive/allData/5000/VNP46A1/2020/241/VNP46A1.A2020241.h06v06.001.2020242082308.h5",2020,"241"
"VNP46A1.A2020241.h06v07.001.2020242082322.h5","https://ladsweb.modaps.eosdis.nasa.gov/archive/allData/5000/VNP46A1/2020/241/VNP46A1.A2020241.h06v07.001.2020242082322.h5",2020,"241"
"VNP46A1.A2020241.h06v08.001.2020242082248.h5","https://ladsweb.modaps.eosdis.nasa.gov/archive/allData/5000/VNP46A1/2020/241/VNP46A1.A2020241.h06v08.001.2020242082248.h5",2020,"241"
"VNP46A1.A2020241.h06v09.001.2020242082250.h5","https://ladsweb.modaps.eosdis.nasa.gov/archive/allData/5000/VNP46A1/2020/241/VNP46A1.A2020241.h06v09.001.2020242082250.h5",2020,"241"
"VNP46A1.A2020241.h06v10.001.2020242082246.h5","https://ladsweb.modaps.eosdis.nasa.gov/archive/allData/5000/VNP46A1/2020/241/VNP46A1.A2020241.h06v10.001.2020242082246.h5",2020,"241"
"VNP46A1.A2020241.h06v11.001.2020242082253.h5","https://ladsweb.modaps.eosdis.nasa.gov/archive/allData/5000/VNP46A1/2020/241/VNP46A1.A2020241.h06v11.001.2020242082253.h5",2020,"241"
"VNP46A1.A2020241.h06v12.001.2020242082305.h5","https://ladsweb.modaps.eosdis.nasa.gov/archive/allData/5000/VNP46A1/2020/241/VNP46A1.A2020241.h06v12.001.2020242082305.h5",2020,"241"
"VNP46A1.A2020241.h06v13.001.2020242082322.h5","https://ladsweb.modaps.eosdis.nasa.gov/archive/allData/5000/VNP46A1/2020/241/VNP46A1.A2020241.h06v13.001.2020242082322.h5",2020,"241"
"VNP46A1.A2020241.h06v14.001.2020242082326.h5","https://ladsweb.modaps.eosdis.nasa.gov/archive/allData/5000/VNP46A1/2020/241/VNP46A1.A2020241.h06v14.001.2020242082326.h5",2020,"241"
"VNP46A1.A2020241.h06v15.001.2020242082424.h5","https://ladsweb.modaps.eosdis.nasa.gov/archive/allData/5000/VNP46A1/2020/241/VNP46A1.A2020241.h06v15.001.2020242082424.h5",2020,"241"
"VNP46A1.A2020241.h06v16.001.2020242082335.h5","https://ladsweb.modaps.eosdis.nasa.gov/archive/allData/5000/VNP46A1/2020/241/VNP46A1.A2020241.h06v16.001.2020242082335.h5",2020,"241"
"VNP46A1.A2020241.h06v17.001.2020242082314.h5","https://ladsweb.modaps.eosdis.nasa.gov/archive/allData/5000/VNP46A1/2020/241/VNP46A1.A2020241.h06v17.001.2020242082314.h5",2020,"241"
"VNP46A1.A2020241.h07v01.001.2020242082408.h5","https://ladsweb.modaps.eosdis.nasa.gov/archive/allData/5000/VNP46A1/2020/241/VNP46A1.A2020241.h07v01.001.2020242082408.h5",2020,"241"
"VNP46A1.A2020241.h07v02.001.2020242082333.h5","https://ladsweb.modaps.eosdis.nasa.gov/archive/allData/5000/VNP46A1/2020/241/VNP46A1.A2020241.h07v02.001.2020242082333.h5",2020,"241"
"VNP46A1.A2020241.h07v03.001.2020242082342.h5","https://ladsweb.modaps.eosdis.nasa.gov/archive/allData/5000/VNP46A1/2020/241/VNP46A1.A2020241.h07v03.001.2020242082342.h5",2020,"241"
"VNP46A1.A2020241.h07v04.001.2020242082320.h5","https://ladsweb.modaps.eosdis.nasa.gov/archive/allData/5000/VNP46A1/2020/241/VNP46A1.A2020241.h07v04.001.2020242082320.h5",2020,"241"
"VNP46A1.A2020241.h07v05.001.2020242082331.h5","https://ladsweb.modaps.eosdis.nasa.gov/archive/allData/5000/VNP46A1/2020/241/VNP46A1.A2020241.h07v05.001.2020242082331.h5",2020,"241"
"VNP46A1.A2020241.h07v06.001.2020242082330.h5","https://ladsweb.modaps.eosdis.nasa.gov/archive/allData/5000/VNP46A1/2020/241/VNP46A1.A2020241.h07v06.001.2020242082330.h5",2020,"241"
"VNP46A1.A2020241.h07v07.001.2020242082338.h5","https://ladsweb.modaps.eosdis.nasa.gov/archive/allData/5000/VNP46A1/2020/241/VNP46A1.A2020241.h07v07.001.2020242082338.h5",2020,"241"
"VNP46A1.A2020241.h07v08.001.2020242082259.h5","https://ladsweb.modaps.eosdis.nasa.gov/archive/allData/5000/VNP46A1/2020/241/VNP46A1.A2020241.h07v08.001.2020242082259.h5",2020,"241"
"VNP46A1.A2020241.h07v09.001.2020242082306.h5","https://ladsweb.modaps.eosdis.nasa.gov/archive/allData/5000/VNP46A1/2020/241/VNP46A1.A2020241.h07v09.001.2020242082306.h5",2020,"241"
"VNP46A1.A2020241.h07v10.001.2020242082252.h5","https://ladsweb.modaps.eosdis.nasa.gov/archive/allData/5000/VNP46A1/2020/241/VNP46A1.A2020241.h07v10.001.2020242082252.h5",2020,"241"
"VNP46A1.A2020241.h07v11.001.2020242082248.h5","https://ladsweb.modaps.eosdis.nasa.gov/archive/allData/5000/VNP46A1/2020/241/VNP46A1.A2020241.h07v11.001.2020242082248.h5",2020,"241"
"VNP46A1.A2020241.h07v12.001.2020242082257.h5","https://ladsweb.modaps.eosdis.nasa.gov/archive/allData/5000/VNP46A1/2020/241/VNP46A1.A2020241.h07v12.001.2020242082257.h5",2020,"241"
"VNP46A1.A2020241.h07v13.001.2020242082302.h5","https://ladsweb.modaps.eosdis.nasa.gov/archive/allData/5000/VNP46A1/2020/241/VNP46A1.A2020241.h07v13.001.2020242082302.h5",2020,"241"
"VNP46A1.A2020241.h07v14.001.2020242082322.h5","https://ladsweb.modaps.eosdis.nasa.gov/archive/allData/5000/VNP46A1/2020/241/VNP46A1.A2020241.h07v14.001.2020242082322.h5",2020,"241"
"VNP46A1.A2020241.h07v15.001.2020242082331.h5","https://ladsweb.modaps.eosdis.nasa.gov/archive/allData/5000/VNP46A1/2020/241/VNP46A1.A2020241.h07v15.001.2020242082331.h5",2020,"241"
"VNP46A1.A2020241.h07v16.001.2020242082327.h5","https://ladsweb.modaps.eosdis.nasa.gov/archive/allData/5000/VNP46A1/2020/241/VNP46A1.A2020241.h07v16.001.2020242082327.h5",2020,"241"
"VNP46A1.A2020241.h07v17.001.2020242082357.h5","https://ladsweb.modaps.eosdis.nasa.gov/archive/allData/5000/VNP46A1/2020/241/VNP46A1.A2020241.h07v17.001.2020242082357.h5",2020,"241"
"VNP46A1.A2020241.h08v01.001.2020242082334.h5","https://ladsweb.modaps.eosdis.nasa.gov/archive/allData/5000/VNP46A1/2020/241/VNP46A1.A2020241.h08v01.001.2020242082334.h5",2020,"241"
"VNP46A1.A2020241.h08v02.001.2020242082258.h5","https://ladsweb.modaps.eosdis.nasa.gov/archive/allData/5000/VNP46A1/2020/241/VNP46A1.A2020241.h08v02.001.2020242082258.h5",2020,"241"
"VNP46A1.A2020241.h08v03.001.2020242082423.h5","https://ladsweb.modaps.eosdis.nasa.gov/archive/allData/5000/VNP46A1/2020/241/VNP46A1.A2020241.h08v03.001.2020242082423.h5",2020,"241"
"VNP46A1.A2020241.h08v04.001.2020242082250.h5","https://ladsweb.modaps.eosdis.nasa.gov/archive/allData/5000/VNP46A1/2020/241/VNP46A1.A2020241.h08v04.001.2020242082250.h5",2020,"241"
"VNP46A1.A2020241.h08v05.001.2020242082310.h5","https://ladsweb.modaps.eosdis.nasa.gov/archive/allData/5000/VNP46A1/2020/241/VNP46A1.A2020241.h08v05.001.2020242082310.h5",2020,"241"
"VNP46A1.A2020241.h08v06.001.2020242082257.h5","https://ladsweb.modaps.eosdis.nasa.gov/archive/allData/5000/VNP46A1/2020/241/VNP46A1.A2020241.h08v06.001.2020242082257.h5",2020,"241"
"VNP46A1.A2020241.h08v07.001.2020242082323.h5","https://ladsweb.modaps.eosdis.nasa.gov/archive/allData/5000/VNP46A1/2020/241/VNP46A1.A2020241.h08v07.001.2020242082323.h5",2020,"241"
"VNP46A1.A2020241.h08v08.001.2020242082332.h5","https://ladsweb.modaps.eosdis.nasa.gov/archive/allData/5000/VNP46A1/2020/241/VNP46A1.A2020241.h08v08.001.2020242082332.h5",2020,"241"
"VNP46A1.A2020241.h08v09.001.2020242082327.h5","https://ladsweb.modaps.eosdis.nasa.gov/archive/allData/5000/VNP46A1/2020/241/VNP46A1.A2020241.h08v09.001.2020242082327.h5",2020,"241"
"VNP46A1.A2020241.h08v10.001.2020242082301.h5","https://ladsweb.modaps.eosdis.nasa.gov/archive/allData/5000/VNP46A1/2020/241/VNP46A1.A2020241.h08v10.001.2020242082301.h5",2020,"241"
"VNP46A1.A2020241.h08v11.001.2020242082302.h5","https://ladsweb.modaps.eosdis.nasa.gov/archive/allData/5000/VNP46A1/2020/241/VNP46A1.A2020241.h08v11.001.2020242082302.h5",2020,"241"
"VNP46A1.A2020241.h08v12.001.2020242082308.h5","https://ladsweb.modaps.eosdis.nasa.gov/archive/allData/5000/VNP46A1/2020/241/VNP46A1.A2020241.h08v12.001.2020242082308.h5",2020,"241"
"VNP46A1.A2020241.h08v13.001.2020242082258.h5","https://ladsweb.modaps.eosdis.nasa.gov/archive/allData/5000/VNP46A1/2020/241/VNP46A1.A2020241.h08v13.001.2020242082258.h5",2020,"241"
"VNP46A1.A2020241.h08v14.001.2020242082308.h5","https://ladsweb.modaps.eosdis.nasa.gov/archive/allData/5000/VNP46A1/2020/241/VNP46A1.A2020241.h08v14.001.2020242082308.h5",2020,"241"
"VNP46A1.A2020241.h08v15.001.2020242082335.h5","https://ladsweb.modaps.eosdis.nasa.gov/archive/allData/5000/VNP46A1/2020/241/VNP46A1.A2020241.h08v15.001.2020242082335.h5",2020,"241"
"VNP46A1.A2020241.h08v16.001.2020242082316.h5","https://ladsweb.modaps.eosdis.nasa.gov/archive/allData/5000/VNP46A1/2020/241/VNP46A1.A2020241.h08v16.001.2020242082316.h5",2020,"241"
"VNP46A1.A2020241.h08v17.001.2020242082335.h5","https://ladsweb.modaps.eosdis.nasa.gov/archive/allData/5000/VNP46A1/2020/241/VNP46A1.A2020241.h08v17.001.2020242082335.h5",2020,"241"
"VNP46A1.A2020241.h09v01.001.2020242082307.h5","https://ladsweb.modaps.eosdis.nasa.gov/archive/allData/5000/VNP46A1/2020/241/VNP46A1.A2020241.h09v01.001.2020242082307.h5",2020,"241"
"VNP46A1.A2020241.h09v02.001.2020242082336.h5","https://ladsweb.modaps.eosdis.nasa.gov/archive/allData/5000/VNP46A1/2020/241/VNP46A1.A2020241.h09v02.001.2020242082336.h5",2020,"241"
"VNP46A1.A2020241.h09v03.001.2020242082337.h5","https://ladsweb.modaps.eosdis.nasa.gov/archive/allData/5000/VNP46A1/2020/241/VNP46A1.A2020241.h09v03.001.2020242082337.h5",2020,"241"
"VNP46A1.A2020241.h09v04.001.2020242082339.h5","https://ladsweb.modaps.eosdis.nasa.gov/archive/allData/5000/VNP46A1/2020/241/VNP46A1.A2020241.h09v04.001.2020242082339.h5",2020,"241"
"VNP46A1.A2020241.h09v05.001.2020242082342.h5","https://ladsweb.modaps.eosdis.nasa.gov/archive/allData/5000/VNP46A1/2020/241/VNP46A1.A2020241.h09v05.001.2020242082342.h5",2020,"241"
"VNP46A1.A2020241.h09v06.001.2020242082350.h5","https://ladsweb.modaps.eosdis.nasa.gov/archive/allData/5000/VNP46A1/2020/241/VNP46A1.A2020241.h09v06.001.2020242082350.h5",2020,"241"
"VNP46A1.A2020241.h09v07.001.2020242082358.h5","https://ladsweb.modaps.eosdis.nasa.gov/archive/allData/5000/VNP46A1/2020/241/VNP46A1.A2020241.h09v07.001.2020242082358.h5",2020,"241"
"VNP46A1.A2020241.h09v08.001.2020242082400.h5","https://ladsweb.modaps.eosdis.nasa.gov/archive/allData/5000/VNP46A1/2020/241/VNP46A1.A2020241.h09v08.001.2020242082400.h5",2020,"241"
"VNP46A1.A2020241.h09v09.001.2020242082421.h5","https://ladsweb.modaps.eosdis.nasa.gov/archive/allData/5000/VNP46A1/2020/241/VNP46A1.A2020241.h09v09.001.2020242082421.h5",2020,"241"
"VNP46A1.A2020241.h09v10.001.2020242082416.h5","https://ladsweb.modaps.eosdis.nasa.gov/archive/allData/5000/VNP46A1/2020/241/VNP46A1.A2020241.h09v10.001.2020242082416.h5",2020,"241"
"VNP46A1.A2020241.h09v11.001.2020242082420.h5","https://ladsweb.modaps.eosdis.nasa.gov/archive/allData/5000/VNP46A1/2020/241/VNP46A1.A2020241.h09v11.001.2020242082420.h5",2020,"241"
"VNP46A1.A2020241.h09v12.001.2020242082423.h5","https://ladsweb.modaps.eosdis.nasa.gov/archive/allData/5000/VNP46A1/2020/241/VNP46A1.A2020241.h09v12.001.2020242082423.h5",2020,"241"
"VNP46A1.A2020241.h09v13.001.2020242082421.h5","https://ladsweb.modaps.eosdis.nasa.gov/archive/allData/5000/VNP46A1/2020/241/VNP46A1.A2020241.h09v13.001.2020242082421.h5",2020,"241"
"VNP46A1.A2020241.h09v14.001.2020242082443.h5","https://ladsweb.modaps.eosdis.nasa.gov/archive/allData/5000/VNP46A1/2020/241/VNP46A1.A2020241.h09v14.001.2020242082443.h5",2020,"241"
"VNP46A1.A2020241.h09v15.001.2020242082512.h5","https://ladsweb.modaps.eosdis.nasa.gov/archive/allData/5000/VNP46A1/2020/241/VNP46A1.A2020241.h09v15.001.2020242082512.h5",2020,"241"
"VNP46A1.A2020241.h09v16.001.2020242082512.h5","https://ladsweb.modaps.eosdis.nasa.gov/archive/allData/5000/VNP46A1/2020/241/VNP46A1.A2020241.h09v16.001.2020242082512.h5",2020,"241"
"VNP46A1.A2020241.h09v17.001.2020242082515.h5","https://ladsweb.modaps.eosdis.nasa.gov/archive/allData/5000/VNP46A1/2020/241/VNP46A1.A2020241.h09v17.001.2020242082515.h5",2020,"241"
"VNP46A1.A2020241.h10v01.001.2020242082437.h5","https://ladsweb.modaps.eosdis.nasa.gov/archive/allData/5000/VNP46A1/2020/241/VNP46A1.A2020241.h10v01.001.2020242082437.h5",2020,"241"
"VNP46A1.A2020241.h10v02.001.2020242082456.h5","https://ladsweb.modaps.eosdis.nasa.gov/archive/allData/5000/VNP46A1/2020/241/VNP46A1.A2020241.h10v02.001.2020242082456.h5",2020,"241"
"VNP46A1.A2020241.h10v03.001.2020242082523.h5","https://ladsweb.modaps.eosdis.nasa.gov/archive/allData/5000/VNP46A1/2020/241/VNP46A1.A2020241.h10v03.001.2020242082523.h5",2020,"241"
"VNP46A1.A2020241.h10v04.001.2020242082446.h5","https://ladsweb.modaps.eosdis.nasa.gov/archive/allData/5000/VNP46A1/2020/241/VNP46A1.A2020241.h10v04.001.2020242082446.h5",2020,"241"
"VNP46A1.A2020241.h10v05.001.2020242082451.h5","https://ladsweb.modaps.eosdis.nasa.gov/archive/allData/5000/VNP46A1/2020/241/VNP46A1.A2020241.h10v05.001.2020242082451.h5",2020,"241"
"VNP46A1.A2020241.h10v06.001.2020242082531.h5","https://ladsweb.modaps.eosdis.nasa.gov/archive/allData/5000/VNP46A1/2020/241/VNP46A1.A2020241.h10v06.001.2020242082531.h5",2020,"241"
"VNP46A1.A2020241.h10v07.001.2020242082451.h5","https://ladsweb.modaps.eosdis.nasa.gov/archive/allData/5000/VNP46A1/2020/241/VNP46A1.A2020241.h10v07.001.2020242082451.h5",2020,"241"
"VNP46A1.A2020241.h10v08.001.2020242082448.h5","https://ladsweb.modaps.eosdis.nasa.gov/archive/allData/5000/VNP46A1/2020/241/VNP46A1.A2020241.h10v08.001.2020242082448.h5",2020,"241"
"VNP46A1.A2020241.h10v09.001.2020242082456.h5","https://ladsweb.modaps.eosdis.nasa.gov/archive/allData/5000/VNP46A1/2020/241/VNP46A1.A2020241.h10v09.001.2020242082456.h5",2020,"241"
"VNP46A1.A2020241.h10v10.001.2020242082453.h5","https://ladsweb.modaps.eosdis.nasa.gov/archive/allData/5000/VNP46A1/2020/241/VNP46A1.A2020241.h10v10.001.2020242082453.h5",2020,"241"
"VNP46A1.A2020241.h10v11.001.2020242082454.h5","https://ladsweb.modaps.eosdis.nasa.gov/archive/allData/5000/VNP46A1/2020/241/VNP46A1.A2020241.h10v11.001.2020242082454.h5",2020,"241"
"VNP46A1.A2020241.h10v12.001.2020242082501.h5","https://ladsweb.modaps.eosdis.nasa.gov/archive/allData/5000/VNP46A1/2020/241/VNP46A1.A2020241.h10v12.001.2020242082501.h5",2020,"241"
"VNP46A1.A2020241.h10v13.001.2020242082517.h5","https://ladsweb.modaps.eosdis.nasa.gov/archive/allData/5000/VNP46A1/2020/241/VNP46A1.A2020241.h10v13.001.2020242082517.h5",2020,"241"
"VNP46A1.A2020241.h10v14.001.2020242082509.h5","https://ladsweb.modaps.eosdis.nasa.gov/archive/allData/5000/VNP46A1/2020/241/VNP46A1.A2020241.h10v14.001.2020242082509.h5",2020,"241"
"VNP46A1.A2020241.h10v15.001.2020242082552.h5","https://ladsweb.modaps.eosdis.nasa.gov/archive/allData/5000/VNP46A1/2020/241/VNP46A1.A2020241.h10v15.001.2020242082552.h5",2020,"241"
"VNP46A1.A2020241.h10v16.001.2020242082528.h5","https://ladsweb.modaps.eosdis.nasa.gov/archive/allData/5000/VNP46A1/2020/241/VNP46A1.A2020241.h10v16.001.2020242082528.h5",2020,"241"
"VNP46A1.A2020241.h10v17.001.2020242082528.h5","https://ladsweb.modaps.eosdis.nasa.gov/archive/allData/5000/VNP46A1/2020/241/VNP46A1.A2020241.h10v17.001.2020242082528.h5",2020,"241"
"VNP46A1.A2020241.h11v01.001.2020242082527.h5","https://ladsweb.modaps.eosdis.nasa.gov/archive/allData/5000/VNP46A1/2020/241/VNP46A1.A2020241.h11v01.001.2020242082527.h5",2020,"241"
"VNP46A1.A2020241.h11v02.001.2020242082534.h5","https://ladsweb.modaps.eosdis.nasa.gov/archive/allData/5000/VNP46A1/2020/241/VNP46A1.A2020241.h11v02.001.2020242082534.h5",2020,"241"
"VNP46A1.A2020241.h11v03.001.2020242082606.h5","https://ladsweb.modaps.eosdis.nasa.gov/archive/allData/5000/VNP46A1/2020/241/VNP46A1.A2020241.h11v03.001.2020242082606.h5",2020,"241"
"VNP46A1.A2020241.h11v04.001.2020242082518.h5","https://ladsweb.modaps.eosdis.nasa.gov/archive/allData/5000/VNP46A1/2020/241/VNP46A1.A2020241.h11v04.001.2020242082518.h5",2020,"241"
"VNP46A1.A2020241.h11v05.001.2020242082529.h5","https://ladsweb.modaps.eosdis.nasa.gov/archive/allData/5000/VNP46A1/2020/241/VNP46A1.A2020241.h11v05.001.2020242082529.h5",2020,"241"
"VNP46A1.A2020241.h11v06.001.2020242082522.h5","https://ladsweb.modaps.eosdis.nasa.gov/archive/allData/5000/VNP46A1/2020/241/VNP46A1.A2020241.h11v06.001.2020242082522.h5",2020,"241"
"VNP46A1.A2020241.h11v07.001.2020242082527.h5","https://ladsweb.modaps.eosdis.nasa.gov/archive/allData/5000/VNP46A1/2020/241/VNP46A1.A2020241.h11v07.001.2020242082527.h5",2020,"241"
"VNP46A1.A2020241.h11v08.001.2020242082603.h5","https://ladsweb.modaps.eosdis.nasa.gov/archive/allData/5000/VNP46A1/2020/241/VNP46A1.A2020241.h11v08.001.2020242082603.h5",2020,"241"
"VNP46A1.A2020241.h11v09.001.2020242082523.h5","https://ladsweb.modaps.eosdis.nasa.gov/archive/allData/5000/VNP46A1/2020/241/VNP46A1.A2020241.h11v09.001.2020242082523.h5",2020,"241"
"VNP46A1.A2020241.h11v10.001.2020242082536.h5","https://ladsweb.modaps.eosdis.nasa.gov/archive/allData/5000/VNP46A1/2020/241/VNP46A1.A2020241.h11v10.001.2020242082536.h5",2020,"241"
"VNP46A1.A2020241.h11v11.001.2020242082525.h5","https://ladsweb.modaps.eosdis.nasa.gov/archive/allData/5000/VNP46A1/2020/241/VNP46A1.A2020241.h11v11.001.2020242082525.h5",2020,"241"
"VNP46A1.A2020241.h11v12.001.2020242082529.h5","https://ladsweb.modaps.eosdis.nasa.gov/archive/allData/5000/VNP46A1/2020/241/VNP46A1.A2020241.h11v12.001.2020242082529.h5",2020,"241"
"VNP46A1.A2020241.h11v13.001.2020242082528.h5","https://ladsweb.modaps.eosdis.nasa.gov/archive/allData/5000/VNP46A1/2020/241/VNP46A1.A2020241.h11v13.001.2020242082528.h5",2020,"241"
"VNP46A1.A2020241.h11v14.001.2020242082536.h5","https://ladsweb.modaps.eosdis.nasa.gov/archive/allData/5000/VNP46A1/2020/241/VNP46A1.A2020241.h11v14.001.2020242082536.h5",2020,"241"
"VNP46A1.A2020241.h11v15.001.2020242082555.h5","https://ladsweb.modaps.eosdis.nasa.gov/archive/allData/5000/VNP46A1/2020/241/VNP46A1.A2020241.h11v15.001.2020242082555.h5",2020,"241"
"VNP46A1.A2020241.h11v16.001.2020242082607.h5","https://ladsweb.modaps.eosdis.nasa.gov/archive/allData/5000/VNP46A1/2020/241/VNP46A1.A2020241.h11v16.001.2020242082607.h5",2020,"241"
"VNP46A1.A2020241.h11v17.001.2020242082600.h5","https://ladsweb.modaps.eosdis.nasa.gov/archive/allData/5000/VNP46A1/2020/241/VNP46A1.A2020241.h11v17.001.2020242082600.h5",2020,"241"
"VNP46A1.A2020241.h12v01.001.2020242082536.h5","https://ladsweb.modaps.eosdis.nasa.gov/archive/allData/5000/VNP46A1/2020/241/VNP46A1.A2020241.h12v01.001.2020242082536.h5",2020,"241"
"VNP46A1.A2020241.h12v02.001.2020242082536.h5","https://ladsweb.modaps.eosdis.nasa.gov/archive/allData/5000/VNP46A1/2020/241/VNP46A1.A2020241.h12v02.001.2020242082536.h5",2020,"241"
"VNP46A1.A2020241.h12v03.001.2020242082534.h5","https://ladsweb.modaps.eosdis.nasa.gov/archive/allData/5000/VNP46A1/2020/241/VNP46A1.A2020241.h12v03.001.2020242082534.h5",2020,"241"
"VNP46A1.A2020241.h12v04.001.2020242082534.h5","https://ladsweb.modaps.eosdis.nasa.gov/archive/allData/5000/VNP46A1/2020/241/VNP46A1.A2020241.h12v04.001.2020242082534.h5",2020,"241"
"VNP46A1.A2020241.h12v05.001.2020242082539.h5","https://ladsweb.modaps.eosdis.nasa.gov/archive/allData/5000/VNP46A1/2020/241/VNP46A1.A2020241.h12v05.001.2020242082539.h5",2020,"241"
"VNP46A1.A2020241.h12v06.001.2020242082542.h5","https://ladsweb.modaps.eosdis.nasa.gov/archive/allData/5000/VNP46A1/2020/241/VNP46A1.A2020241.h12v06.001.2020242082542.h5",2020,"241"
"VNP46A1.A2020241.h12v07.001.2020242082534.h5","https://ladsweb.modaps.eosdis.nasa.gov/archive/allData/5000/VNP46A1/2020/241/VNP46A1.A2020241.h12v07.001.2020242082534.h5",2020,"241"
"VNP46A1.A2020241.h12v08.001.2020242082537.h5","https://ladsweb.modaps.eosdis.nasa.gov/archive/allData/5000/VNP46A1/2020/241/VNP46A1.A2020241.h12v08.001.2020242082537.h5",2020,"241"
"VNP46A1.A2020241.h12v09.001.2020242082536.h5","https://ladsweb.modaps.eosdis.nasa.gov/archive/allData/5000/VNP46A1/2020/241/VNP46A1.A2020241.h12v09.001.2020242082536.h5",2020,"241"
"VNP46A1.A2020241.h12v10.001.2020242082536.h5","https://ladsweb.modaps.eosdis.nasa.gov/archive/allData/5000/VNP46A1/2020/241/VNP46A1.A2020241.h12v10.001.2020242082536.h5",2020,"241"
"VNP46A1.A2020241.h12v11.001.2020242082542.h5","https://ladsweb.modaps.eosdis.nasa.gov/archive/allData/5000/VNP46A1/2020/241/VNP46A1.A2020241.h12v11.001.2020242082542.h5",2020,"241"
"VNP46A1.A2020241.h12v12.001.2020242082538.h5","https://ladsweb.modaps.eosdis.nasa.gov/archive/allData/5000/VNP46A1/2020/241/VNP46A1.A2020241.h12v12.001.2020242082538.h5",2020,"241"
"VNP46A1.A2020241.h12v13.001.2020242082538.h5","https://ladsweb.modaps.eosdis.nasa.gov/archive/allData/5000/VNP46A1/2020/241/VNP46A1.A2020241.h12v13.001.2020242082538.h5",2020,"241"
"VNP46A1.A2020241.h12v14.001.2020242082552.h5","https://ladsweb.modaps.eosdis.nasa.gov/archive/allData/5000/VNP46A1/2020/241/VNP46A1.A2020241.h12v14.001.2020242082552.h5",2020,"241"
"VNP46A1.A2020241.h12v15.001.2020242082604.h5","https://ladsweb.modaps.eosdis.nasa.gov/archive/allData/5000/VNP46A1/2020/241/VNP46A1.A2020241.h12v15.001.2020242082604.h5",2020,"241"
"VNP46A1.A2020241.h12v16.001.2020242082628.h5","https://ladsweb.modaps.eosdis.nasa.gov/archive/allData/5000/VNP46A1/2020/241/VNP46A1.A2020241.h12v16.001.2020242082628.h5",2020,"241"
"VNP46A1.A2020241.h12v17.001.2020242082626.h5","https://ladsweb.modaps.eosdis.nasa.gov/archive/allData/5000/VNP46A1/2020/241/VNP46A1.A2020241.h12v17.001.2020242082626.h5",2020,"241"
"VNP46A1.A2020241.h13v01.001.2020242082551.h5","https://ladsweb.modaps.eosdis.nasa.gov/archive/allData/5000/VNP46A1/2020/241/VNP46A1.A2020241.h13v01.001.2020242082551.h5",2020,"241"
"VNP46A1.A2020241.h13v02.001.2020242082545.h5","https://ladsweb.modaps.eosdis.nasa.gov/archive/allData/5000/VNP46A1/2020/241/VNP46A1.A2020241.h13v02.001.2020242082545.h5",2020,"241"
"VNP46A1.A2020241.h13v03.001.2020242082619.h5","https://ladsweb.modaps.eosdis.nasa.gov/archive/allData/5000/VNP46A1/2020/241/VNP46A1.A2020241.h13v03.001.2020242082619.h5",2020,"241"
"VNP46A1.A2020241.h13v04.001.2020242082540.h5","https://ladsweb.modaps.eosdis.nasa.gov/archive/allData/5000/VNP46A1/2020/241/VNP46A1.A2020241.h13v04.001.2020242082540.h5",2020,"241"
"VNP46A1.A2020241.h13v05.001.2020242082550.h5","https://ladsweb.modaps.eosdis.nasa.gov/archive/allData/5000/VNP46A1/2020/241/VNP46A1.A2020241.h13v05.001.2020242082550.h5",2020,"241"
"VNP46A1.A2020241.h13v06.001.2020242082551.h5","https://ladsweb.modaps.eosdis.nasa.gov/archive/allData/5000/VNP46A1/2020/241/VNP46A1.A2020241.h13v06.001.2020242082551.h5",2020,"241"
"VNP46A1.A2020241.h13v07.001.2020242082549.h5","https://ladsweb.modaps.eosdis.nasa.gov/archive/allData/5000/VNP46A1/2020/241/VNP46A1.A2020241.h13v07.001.2020242082549.h5",2020,"241"
"VNP46A1.A2020241.h13v08.001.2020242082553.h5","https://ladsweb.modaps.eosdis.nasa.gov/archive/allData/5000/VNP46A1/2020/241/VNP46A1.A2020241.h13v08.001.2020242082553.h5",2020,"241"
"VNP46A1.A2020241.h13v09.001.2020242082548.h5","https://ladsweb.modaps.eosdis.nasa.gov/archive/allData/5000/VNP46A1/2020/241/VNP46A1.A2020241.h13v09.001.2020242082548.h5",2020,"241"
"VNP46A1.A2020241.h13v10.001.2020242082550.h5","https://ladsweb.modaps.eosdis.nasa.gov/archive/allData/5000/VNP46A1/2020/241/VNP46A1.A2020241.h13v10.001.2020242082550.h5",2020,"241"
"VNP46A1.A2020241.h13v11.001.2020242082600.h5","https://ladsweb.modaps.eosdis.nasa.gov/archive/allData/5000/VNP46A1/2020/241/VNP46A1.A2020241.h13v11.001.2020242082600.h5",2020,"241"
"VNP46A1.A2020241.h13v12.001.2020242082556.h5","https://ladsweb.modaps.eosdis.nasa.gov/archive/allData/5000/VNP46A1/2020/241/VNP46A1.A2020241.h13v12.001.2020242082556.h5",2020,"241"
"VNP46A1.A2020241.h13v13.001.2020242082618.h5","https://ladsweb.modaps.eosdis.nasa.gov/archive/allData/5000/VNP46A1/2020/241/VNP46A1.A2020241.h13v13.001.2020242082618.h5",2020,"241"
"VNP46A1.A2020241.h13v14.001.2020242082601.h5","https://ladsweb.modaps.eosdis.nasa.gov/archive/allData/5000/VNP46A1/2020/241/VNP46A1.A2020241.h13v14.001.2020242082601.h5",2020,"241"
"VNP46A1.A2020241.h13v15.001.2020242082641.h5","https://ladsweb.modaps.eosdis.nasa.gov/archive/allData/5000/VNP46A1/2020/241/VNP46A1.A2020241.h13v15.001.2020242082641.h5",2020,"241"
"VNP46A1.A2020241.h13v16.001.2020242082653.h5","https://ladsweb.modaps.eosdis.nasa.gov/archive/allData/5000/VNP46A1/2020/241/VNP46A1.A2020241.h13v16.001.2020242082653.h5",2020,"241"
"VNP46A1.A2020241.h13v17.001.2020242082653.h5","https://ladsweb.modaps.eosdis.nasa.gov/archive/allData/5000/VNP46A1/2020/241/VNP46A1.A2020241.h13v17.001.2020242082653.h5",2020,"241"
"VNP46A1.A2020241.h14v01.001.2020242082625.h5","https://ladsweb.modaps.eosdis.nasa.gov/archive/allData/5000/VNP46A1/2020/241/VNP46A1.A2020241.h14v01.001.2020242082625.h5",2020,"241"
"VNP46A1.A2020241.h14v02.001.2020242082617.h5","https://ladsweb.modaps.eosdis.nasa.gov/archive/allData/5000/VNP46A1/2020/241/VNP46A1.A2020241.h14v02.001.2020242082617.h5",2020,"241"
"VNP46A1.A2020241.h14v03.001.2020242082612.h5","https://ladsweb.modaps.eosdis.nasa.gov/archive/allData/5000/VNP46A1/2020/241/VNP46A1.A2020241.h14v03.001.2020242082612.h5",2020,"241"
"VNP46A1.A2020241.h14v04.001.2020242082605.h5","https://ladsweb.modaps.eosdis.nasa.gov/archive/allData/5000/VNP46A1/2020/241/VNP46A1.A2020241.h14v04.001.2020242082605.h5",2020,"241"
"VNP46A1.A2020241.h14v05.001.2020242082610.h5","https://ladsweb.modaps.eosdis.nasa.gov/archive/allData/5000/VNP46A1/2020/241/VNP46A1.A2020241.h14v05.001.2020242082610.h5",2020,"241"
"VNP46A1.A2020241.h14v06.001.2020242082606.h5","https://ladsweb.modaps.eosdis.nasa.gov/archive/allData/5000/VNP46A1/2020/241/VNP46A1.A2020241.h14v06.001.2020242082606.h5",2020,"241"
"VNP46A1.A2020241.h14v07.001.2020242082611.h5","https://ladsweb.modaps.eosdis.nasa.gov/archive/allData/5000/VNP46A1/2020/241/VNP46A1.A2020241.h14v07.001.2020242082611.h5",2020,"241"
"VNP46A1.A2020241.h14v08.001.2020242082622.h5","https://ladsweb.modaps.eosdis.nasa.gov/archive/allData/5000/VNP46A1/2020/241/VNP46A1.A2020241.h14v08.001.2020242082622.h5",2020,"241"
"VNP46A1.A2020241.h14v09.001.2020242082611.h5","https://ladsweb.modaps.eosdis.nasa.gov/archive/allData/5000/VNP46A1/2020/241/VNP46A1.A2020241.h14v09.001.2020242082611.h5",2020,"241"
"VNP46A1.A2020241.h14v10.001.2020242082615.h5","https://ladsweb.modaps.eosdis.nasa.gov/archive/allData/5000/VNP46A1/2020/241/VNP46A1.A2020241.h14v10.001.2020242082615.h5",2020,"241"
"VNP46A1.A2020241.h14v11.001.2020242082611.h5","https://ladsweb.modaps.eosdis.nasa.gov/archive/allData/5000/VNP46A1/2020/241/VNP46A1.A2020241.h14v11.001.2020242082611.h5",2020,"241"
"VNP46A1.A2020241.h14v12.001.2020242082620.h5","https://ladsweb.modaps.eosdis.nasa.gov/archive/allData/5000/VNP46A1/2020/241/VNP46A1.A2020241.h14v12.001.2020242082620.h5",2020,"241"
"VNP46A1.A2020241.h14v13.001.2020242082619.h5","https://ladsweb.modaps.eosdis.nasa.gov/archive/allData/5000/VNP46A1/2020/241/VNP46A1.A2020241.h14v13.001.2020242082619.h5",2020,"241"
"VNP46A1.A2020241.h14v14.001.2020242082623.h5","https://ladsweb.modaps.eosdis.nasa.gov/archive/allData/5000/VNP46A1/2020/241/VNP46A1.A2020241.h14v14.001.2020242082623.h5",2020,"241"
"VNP46A1.A2020241.h14v15.001.2020242082700.h5","https://ladsweb.modaps.eosdis.nasa.gov/archive/allData/5000/VNP46A1/2020/241/VNP46A1.A2020241.h14v15.001.2020242082700.h5",2020,"241"
"VNP46A1.A2020241.h14v16.001.2020242082641.h5","https://ladsweb.modaps.eosdis.nasa.gov/archive/allData/5000/VNP46A1/2020/241/VNP46A1.A2020241.h14v16.001.2020242082641.h5",2020,"241"
"VNP46A1.A2020241.h14v17.001.2020242082653.h5","https://ladsweb.modaps.eosdis.nasa.gov/archive/allData/5000/VNP46A1/2020/241/VNP46A1.A2020241.h14v17.001.2020242082653.h5",2020,"241"
"VNP46A1.A2020241.h15v01.001.2020242082623.h5","https://ladsweb.modaps.eosdis.nasa.gov/archive/allData/5000/VNP46A1/2020/241/VNP46A1.A2020241.h15v01.001.2020242082623.h5",2020,"241"
"VNP46A1.A2020241.h15v02.001.2020242082629.h5","https://ladsweb.modaps.eosdis.nasa.gov/archive/allData/5000/VNP46A1/2020/241/VNP46A1.A2020241.h15v02.001.2020242082629.h5",2020,"241"
"VNP46A1.A2020241.h15v03.001.2020242082629.h5","https://ladsweb.modaps.eosdis.nasa.gov/archive/allData/5000/VNP46A1/2020/241/VNP46A1.A2020241.h15v03.001.2020242082629.h5",2020,"241"
"VNP46A1.A2020241.h15v04.001.2020242082624.h5","https://ladsweb.modaps.eosdis.nasa.gov/archive/allData/5000/VNP46A1/2020/241/VNP46A1.A2020241.h15v04.001.2020242082624.h5",2020,"241"
"VNP46A1.A2020241.h15v05.001.2020242082621.h5","https://ladsweb.modaps.eosdis.nasa.gov/archive/allData/5000/VNP46A1/2020/241/VNP46A1.A2020241.h15v05.001.2020242082621.h5",2020,"241"
"VNP46A1.A2020241.h15v06.001.2020242082617.h5","https://ladsweb.modaps.eosdis.nasa.gov/archive/allData/5000/VNP46A1/2020/241/VNP46A1.A2020241.h15v06.001.2020242082617.h5",2020,"241"
"VNP46A1.A2020241.h15v07.001.2020242082622.h5","https://ladsweb.modaps.eosdis.nasa.gov/archive/allData/5000/VNP46A1/2020/241/VNP46A1.A2020241.h15v07.001.2020242082622.h5",2020,"241"
"VNP46A1.A2020241.h15v08.001.2020242082623.h5","https://ladsweb.modaps.eosdis.nasa.gov/archive/allData/5000/VNP46A1/2020/241/VNP46A1.A2020241.h15v08.001.2020242082623.h5",2020,"241"
"VNP46A1.A2020241.h15v09.001.2020242082645.h5","https://ladsweb.modaps.eosdis.nasa.gov/archive/allData/5000/VNP46A1/2020/241/VNP46A1.A2020241.h15v09.001.2020242082645.h5",2020,"241"
"VNP46A1.A2020241.h15v10.001.2020242082626.h5","https://ladsweb.modaps.eosdis.nasa.gov/archive/allData/5000/VNP46A1/2020/241/VNP46A1.A2020241.h15v10.001.2020242082626.h5",2020,"241"
"VNP46A1.A2020241.h15v11.001.2020242082625.h5","https://ladsweb.modaps.eosdis.nasa.gov/archive/allData/5000/VNP46A1/2020/241/VNP46A1.A2020241.h15v11.001.2020242082625.h5",2020,"241"
"VNP46A1.A2020241.h15v12.001.2020242082626.h5","https://ladsweb.modaps.eosdis.nasa.gov/archive/allData/5000/VNP46A1/2020/241/VNP46A1.A2020241.h15v12.001.2020242082626.h5",2020,"241"
"VNP46A1.A2020241.h15v13.001.2020242082628.h5","https://ladsweb.modaps.eosdis.nasa.gov/archive/allData/5000/VNP46A1/2020/241/VNP46A1.A2020241.h15v13.001.2020242082628.h5",2020,"241"
"VNP46A1.A2020241.h15v14.001.2020242082658.h5","https://ladsweb.modaps.eosdis.nasa.gov/archive/allData/5000/VNP46A1/2020/241/VNP46A1.A2020241.h15v14.001.2020242082658.h5",2020,"241"
"VNP46A1.A2020241.h15v15.001.2020242082644.h5","https://ladsweb.modaps.eosdis.nasa.gov/archive/allData/5000/VNP46A1/2020/241/VNP46A1.A2020241.h15v15.001.2020242082644.h5",2020,"241"
"VNP46A1.A2020241.h15v16.001.2020242082701.h5","https://ladsweb.modaps.eosdis.nasa.gov/archive/allData/5000/VNP46A1/2020/241/VNP46A1.A2020241.h15v16.001.2020242082701.h5",2020,"241"
"VNP46A1.A2020241.h15v17.001.2020242082700.h5","https://ladsweb.modaps.eosdis.nasa.gov/archive/allData/5000/VNP46A1/2020/241/VNP46A1.A2020241.h15v17.001.2020242082700.h5",2020,"241"
"VNP46A1.A2020241.h16v01.001.2020242082635.h5","https://ladsweb.modaps.eosdis.nasa.gov/archive/allData/5000/VNP46A1/2020/241/VNP46A1.A2020241.h16v01.001.2020242082635.h5",2020,"241"
"VNP46A1.A2020241.h16v02.001.2020242082642.h5","https://ladsweb.modaps.eosdis.nasa.gov/archive/allData/5000/VNP46A1/2020/241/VNP46A1.A2020241.h16v02.001.2020242082642.h5",2020,"241"
"VNP46A1.A2020241.h16v03.001.2020242082713.h5","https://ladsweb.modaps.eosdis.nasa.gov/archive/allData/5000/VNP46A1/2020/241/VNP46A1.A2020241.h16v03.001.2020242082713.h5",2020,"241"
"VNP46A1.A2020241.h16v04.001.2020242082642.h5","https://ladsweb.modaps.eosdis.nasa.gov/archive/allData/5000/VNP46A1/2020/241/VNP46A1.A2020241.h16v04.001.2020242082642.h5",2020,"241"
"VNP46A1.A2020241.h16v05.001.2020242082642.h5","https://ladsweb.modaps.eosdis.nasa.gov/archive/allData/5000/VNP46A1/2020/241/VNP46A1.A2020241.h16v05.001.2020242082642.h5",2020,"241"
"VNP46A1.A2020241.h16v06.001.2020242082641.h5","https://ladsweb.modaps.eosdis.nasa.gov/archive/allData/5000/VNP46A1/2020/241/VNP46A1.A2020241.h16v06.001.2020242082641.h5",2020,"241"
"VNP46A1.A2020241.h16v07.001.2020242082645.h5","https://ladsweb.modaps.eosdis.nasa.gov/archive/allData/5000/VNP46A1/2020/241/VNP46A1.A2020241.h16v07.001.2020242082645.h5",2020,"241"
"VNP46A1.A2020241.h16v08.001.2020242082644.h5","https://ladsweb.modaps.eosdis.nasa.gov/archive/allData/5000/VNP46A1/2020/241/VNP46A1.A2020241.h16v08.001.2020242082644.h5",2020,"241"
"VNP46A1.A2020241.h16v09.001.2020242082647.h5","https://ladsweb.modaps.eosdis.nasa.gov/archive/allData/5000/VNP46A1/2020/241/VNP46A1.A2020241.h16v09.001.2020242082647.h5",2020,"241"
"VNP46A1.A2020241.h16v10.001.2020242082656.h5","https://ladsweb.modaps.eosdis.nasa.gov/archive/allData/5000/VNP46A1/2020/241/VNP46A1.A2020241.h16v10.001.2020242082656.h5",2020,"241"
"VNP46A1.A2020241.h16v11.001.2020242082650.h5","https://ladsweb.modaps.eosdis.nasa.gov/archive/allData/5000/VNP46A1/2020/241/VNP46A1.A2020241.h16v11.001.2020242082650.h5",2020,"241"
"VNP46A1.A2020241.h16v12.001.2020242082652.h5","https://ladsweb.modaps.eosdis.nasa.gov/archive/allData/5000/VNP46A1/2020/241/VNP46A1.A2020241.h16v12.001.2020242082652.h5",2020,"241"
"VNP46A1.A2020241.h16v13.001.2020242082652.h5","https://ladsweb.modaps.eosdis.nasa.gov/archive/allData/5000/VNP46A1/2020/241/VNP46A1.A2020241.h16v13.001.2020242082652.h5",2020,"241"
"VNP46A1.A2020241.h16v14.001.2020242082725.h5","https://ladsweb.modaps.eosdis.nasa.gov/archive/allData/5000/VNP46A1/2020/241/VNP46A1.A2020241.h16v14.001.2020242082725.h5",2020,"241"
"VNP46A1.A2020241.h16v15.001.2020242082727.h5","https://ladsweb.modaps.eosdis.nasa.gov/archive/allData/5000/VNP46A1/2020/241/VNP46A1.A2020241.h16v15.001.2020242082727.h5",2020,"241"
"VNP46A1.A2020241.h16v16.001.2020242082724.h5","https://ladsweb.modaps.eosdis.nasa.gov/archive/allData/5000/VNP46A1/2020/241/VNP46A1.A2020241.h16v16.001.2020242082724.h5",2020,"241"
"VNP46A1.A2020241.h16v17.001.2020242082729.h5","https://ladsweb.modaps.eosdis.nasa.gov/archive/allData/5000/VNP46A1/2020/241/VNP46A1.A2020241.h16v17.001.2020242082729.h5",2020,"241"
"VNP46A1.A2020241.h17v01.001.2020242082708.h5","https://ladsweb.modaps.eosdis.nasa.gov/archive/allData/5000/VNP46A1/2020/241/VNP46A1.A2020241.h17v01.001.2020242082708.h5",2020,"241"
"VNP46A1.A2020241.h17v02.001.2020242082724.h5","https://ladsweb.modaps.eosdis.nasa.gov/archive/allData/5000/VNP46A1/2020/241/VNP46A1.A2020241.h17v02.001.2020242082724.h5",2020,"241"
"VNP46A1.A2020241.h17v03.001.2020242082709.h5","https://ladsweb.modaps.eosdis.nasa.gov/archive/allData/5000/VNP46A1/2020/241/VNP46A1.A2020241.h17v03.001.2020242082709.h5",2020,"241"
"VNP46A1.A2020241.h17v04.001.2020242082708.h5","https://ladsweb.modaps.eosdis.nasa.gov/archive/allData/5000/VNP46A1/2020/241/VNP46A1.A2020241.h17v04.001.2020242082708.h5",2020,"241"
"VNP46A1.A2020241.h17v05.001.2020242082708.h5","https://ladsweb.modaps.eosdis.nasa.gov/archive/allData/5000/VNP46A1/2020/241/VNP46A1.A2020241.h17v05.001.2020242082708.h5",2020,"241"
"VNP46A1.A2020241.h17v06.001.2020242082709.h5","https://ladsweb.modaps.eosdis.nasa.gov/archive/allData/5000/VNP46A1/2020/241/VNP46A1.A2020241.h17v06.001.2020242082709.h5",2020,"241"
"VNP46A1.A2020241.h17v07.001.2020242082713.h5","https://ladsweb.modaps.eosdis.nasa.gov/archive/allData/5000/VNP46A1/2020/241/VNP46A1.A2020241.h17v07.001.2020242082713.h5",2020,"241"
"VNP46A1.A2020241.h17v08.001.2020242082713.h5","https://ladsweb.modaps.eosdis.nasa.gov/archive/allData/5000/VNP46A1/2020/241/VNP46A1.A2020241.h17v08.001.2020242082713.h5",2020,"241"
"VNP46A1.A2020241.h17v09.001.2020242082720.h5","https://ladsweb.modaps.eosdis.nasa.gov/archive/allData/5000/VNP46A1/2020/241/VNP46A1.A2020241.h17v09.001.2020242082720.h5",2020,"241"
"VNP46A1.A2020241.h17v10.001.2020242082711.h5","https://ladsweb.modaps.eosdis.nasa.gov/archive/allData/5000/VNP46A1/2020/241/VNP46A1.A2020241.h17v10.001.2020242082711.h5",2020,"241"
"VNP46A1.A2020241.h17v11.001.2020242082715.h5","https://ladsweb.modaps.eosdis.nasa.gov/archive/allData/5000/VNP46A1/2020/241/VNP46A1.A2020241.h17v11.001.2020242082715.h5",2020,"241"
"VNP46A1.A2020241.h17v12.001.2020242082714.h5","https://ladsweb.modaps.eosdis.nasa.gov/archive/allData/5000/VNP46A1/2020/241/VNP46A1.A2020241.h17v12.001.2020242082714.h5",2020,"241"
"VNP46A1.A2020241.h17v13.001.2020242082726.h5","https://ladsweb.modaps.eosdis.nasa.gov/archive/allData/5000/VNP46A1/2020/241/VNP46A1.A2020241.h17v13.001.2020242082726.h5",2020,"241"
"VNP46A1.A2020241.h17v14.001.2020242082736.h5","https://ladsweb.modaps.eosdis.nasa.gov/archive/allData/5000/VNP46A1/2020/241/VNP46A1.A2020241.h17v14.001.2020242082736.h5",2020,"241"
"VNP46A1.A2020241.h17v15.001.2020242082735.h5","https://ladsweb.modaps.eosdis.nasa.gov/archive/allData/5000/VNP46A1/2020/241/VNP46A1.A2020241.h17v15.001.2020242082735.h5",2020,"241"
"VNP46A1.A2020241.h17v16.001.2020242082748.h5","https://ladsweb.modaps.eosdis.nasa.gov/archive/allData/5000/VNP46A1/2020/241/VNP46A1.A2020241.h17v16.001.2020242082748.h5",2020,"241"
"VNP46A1.A2020241.h17v17.001.2020242082748.h5","https://ladsweb.modaps.eosdis.nasa.gov/archive/allData/5000/VNP46A1/2020/241/VNP46A1.A2020241.h17v17.001.2020242082748.h5",2020,"241"
"VNP46A1.A2020241.h18v01.001.2020242082735.h5","https://ladsweb.modaps.eosdis.nasa.gov/archive/allData/5000/VNP46A1/2020/241/VNP46A1.A2020241.h18v01.001.2020242082735.h5",2020,"241"
"VNP46A1.A2020241.h18v02.001.2020242082732.h5","https://ladsweb.modaps.eosdis.nasa.gov/archive/allData/5000/VNP46A1/2020/241/VNP46A1.A2020241.h18v02.001.2020242082732.h5",2020,"241"
"VNP46A1.A2020241.h18v03.001.2020242082745.h5","https://ladsweb.modaps.eosdis.nasa.gov/archive/allData/5000/VNP46A1/2020/241/VNP46A1.A2020241.h18v03.001.2020242082745.h5",2020,"241"
"VNP46A1.A2020241.h18v04.001.2020242082729.h5","https://ladsweb.modaps.eosdis.nasa.gov/archive/allData/5000/VNP46A1/2020/241/VNP46A1.A2020241.h18v04.001.2020242082729.h5",2020,"241"
"VNP46A1.A2020241.h18v05.001.2020242082733.h5","https://ladsweb.modaps.eosdis.nasa.gov/archive/allData/5000/VNP46A1/2020/241/VNP46A1.A2020241.h18v05.001.2020242082733.h5",2020,"241"
"VNP46A1.A2020241.h18v06.001.2020242082740.h5","https://ladsweb.modaps.eosdis.nasa.gov/archive/allData/5000/VNP46A1/2020/241/VNP46A1.A2020241.h18v06.001.2020242082740.h5",2020,"241"
"VNP46A1.A2020241.h18v07.001.2020242082748.h5","https://ladsweb.modaps.eosdis.nasa.gov/archive/allData/5000/VNP46A1/2020/241/VNP46A1.A2020241.h18v07.001.2020242082748.h5",2020,"241"
"VNP46A1.A2020241.h18v08.001.2020242082738.h5","https://ladsweb.modaps.eosdis.nasa.gov/archive/allData/5000/VNP46A1/2020/241/VNP46A1.A2020241.h18v08.001.2020242082738.h5",2020,"241"
"VNP46A1.A2020241.h18v09.001.2020242082739.h5","https://ladsweb.modaps.eosdis.nasa.gov/archive/allData/5000/VNP46A1/2020/241/VNP46A1.A2020241.h18v09.001.2020242082739.h5",2020,"241"
"VNP46A1.A2020241.h18v10.001.2020242082746.h5","https://ladsweb.modaps.eosdis.nasa.gov/archive/allData/5000/VNP46A1/2020/241/VNP46A1.A2020241.h18v10.001.2020242082746.h5",2020,"241"
"VNP46A1.A2020241.h18v11.001.2020242082744.h5","https://ladsweb.modaps.eosdis.nasa.gov/archive/allData/5000/VNP46A1/2020/241/VNP46A1.A2020241.h18v11.001.2020242082744.h5",2020,"241"
"VNP46A1.A2020241.h18v12.001.2020242082800.h5","https://ladsweb.modaps.eosdis.nasa.gov/archive/allData/5000/VNP46A1/2020/241/VNP46A1.A2020241.h18v12.001.2020242082800.h5",2020,"241"
"VNP46A1.A2020241.h18v13.001.2020242082800.h5","https://ladsweb.modaps.eosdis.nasa.gov/archive/allData/5000/VNP46A1/2020/241/VNP46A1.A2020241.h18v13.001.2020242082800.h5",2020,"241"
"VNP46A1.A2020241.h18v14.001.2020242082801.h5","https://ladsweb.modaps.eosdis.nasa.gov/archive/allData/5000/VNP46A1/2020/241/VNP46A1.A2020241.h18v14.001.2020242082801.h5",2020,"241"
"VNP46A1.A2020241.h18v15.001.2020242082822.h5","https://ladsweb.modaps.eosdis.nasa.gov/archive/allData/5000/VNP46A1/2020/241/VNP46A1.A2020241.h18v15.001.2020242082822.h5",2020,"241"
"VNP46A1.A2020241.h18v16.001.2020242082823.h5","https://ladsweb.modaps.eosdis.nasa.gov/archive/allData/5000/VNP46A1/2020/241/VNP46A1.A2020241.h18v16.001.2020242082823.h5",2020,"241"
"VNP46A1.A2020241.h18v17.001.2020242082832.h5","https://ladsweb.modaps.eosdis.nasa.gov/archive/allData/5000/VNP46A1/2020/241/VNP46A1.A2020241.h18v17.001.2020242082832.h5",2020,"241"
"VNP46A1.A2020241.h19v01.001.2020242082806.h5","https://ladsweb.modaps.eosdis.nasa.gov/archive/allData/5000/VNP46A1/2020/241/VNP46A1.A2020241.h19v01.001.2020242082806.h5",2020,"241"
"VNP46A1.A2020241.h19v02.001.2020242082811.h5","https://ladsweb.modaps.eosdis.nasa.gov/archive/allData/5000/VNP46A1/2020/241/VNP46A1.A2020241.h19v02.001.2020242082811.h5",2020,"241"
"VNP46A1.A2020241.h19v03.001.2020242082813.h5","https://ladsweb.modaps.eosdis.nasa.gov/archive/allData/5000/VNP46A1/2020/241/VNP46A1.A2020241.h19v03.001.2020242082813.h5",2020,"241"
"VNP46A1.A2020241.h19v04.001.2020242082812.h5","https://ladsweb.modaps.eosdis.nasa.gov/archive/allData/5000/VNP46A1/2020/241/VNP46A1.A2020241.h19v04.001.2020242082812.h5",2020,"241"
"VNP46A1.A2020241.h19v05.001.2020242082810.h5","https://ladsweb.modaps.eosdis.nasa.gov/archive/allData/5000/VNP46A1/2020/241/VNP46A1.A2020241.h19v05.001.2020242082810.h5",2020,"241"
"VNP46A1.A2020241.h19v06.001.2020242082817.h5","https://ladsweb.modaps.eosdis.nasa.gov/archive/allData/5000/VNP46A1/2020/241/VNP46A1.A2020241.h19v06.001.2020242082817.h5",2020,"241"
"VNP46A1.A2020241.h19v07.001.2020242082816.h5","https://ladsweb.modaps.eosdis.nasa.gov/archive/allData/5000/VNP46A1/2020/241/VNP46A1.A2020241.h19v07.001.2020242082816.h5",2020,"241"
"VNP46A1.A2020241.h19v08.001.2020242082817.h5","https://ladsweb.modaps.eosdis.nasa.gov/archive/allData/5000/VNP46A1/2020/241/VNP46A1.A2020241.h19v08.001.2020242082817.h5",2020,"241"
"VNP46A1.A2020241.h19v09.001.2020242082816.h5","https://ladsweb.modaps.eosdis.nasa.gov/archive/allData/5000/VNP46A1/2020/241/VNP46A1.A2020241.h19v09.001.2020242082816.h5",2020,"241"
"VNP46A1.A2020241.h19v10.001.2020242082815.h5","https://ladsweb.modaps.eosdis.nasa.gov/archive/allData/5000/VNP46A1/2020/241/VNP46A1.A2020241.h19v10.001.2020242082815.h5",2020,"241"
"VNP46A1.A2020241.h19v11.001.2020242082821.h5","https://ladsweb.modaps.eosdis.nasa.gov/archive/allData/5000/VNP46A1/2020/241/VNP46A1.A2020241.h19v11.001.2020242082821.h5",2020,"241"
"VNP46A1.A2020241.h19v12.001.2020242082821.h5","https://ladsweb.modaps.eosdis.nasa.gov/archive/allData/5000/VNP46A1/2020/241/VNP46A1.A2020241.h19v12.001.2020242082821.h5",2020,"241"
"VNP46A1.A2020241.h19v13.001.2020242082819.h5","https://ladsweb.modaps.eosdis.nasa.gov/archive/allData/5000/VNP46A1/2020/241/VNP46A1.A2020241.h19v13.001.2020242082819.h5",2020,"241"
"VNP46A1.A2020241.h19v14.001.2020242082846.h5","https://ladsweb.modaps.eosdis.nasa.gov/archive/allData/5000/VNP46A1/2020/241/VNP46A1.A2020241.h19v14.001.2020242082846.h5",2020,"241"
"VNP46A1.A2020241.h19v15.001.2020242082907.h5","https://ladsweb.modaps.eosdis.nasa.gov/archive/allData/5000/VNP46A1/2020/241/VNP46A1.A2020241.h19v15.001.2020242082907.h5",2020,"241"
"VNP46A1.A2020241.h19v16.001.2020242082921.h5","https://ladsweb.modaps.eosdis.nasa.gov/archive/allData/5000/VNP46A1/2020/241/VNP46A1.A2020241.h19v16.001.2020242082921.h5",2020,"241"
"VNP46A1.A2020241.h19v17.001.2020242082903.h5","https://ladsweb.modaps.eosdis.nasa.gov/archive/allData/5000/VNP46A1/2020/241/VNP46A1.A2020241.h19v17.001.2020242082903.h5",2020,"241"
"VNP46A1.A2020241.h20v01.001.2020242082824.h5","https://ladsweb.modaps.eosdis.nasa.gov/archive/allData/5000/VNP46A1/2020/241/VNP46A1.A2020241.h20v01.001.2020242082824.h5",2020,"241"
"VNP46A1.A2020241.h20v02.001.2020242082913.h5","https://ladsweb.modaps.eosdis.nasa.gov/archive/allData/5000/VNP46A1/2020/241/VNP46A1.A2020241.h20v02.001.2020242082913.h5",2020,"241"
"VNP46A1.A2020241.h20v03.001.2020242082841.h5","https://ladsweb.modaps.eosdis.nasa.gov/archive/allData/5000/VNP46A1/2020/241/VNP46A1.A2020241.h20v03.001.2020242082841.h5",2020,"241"
"VNP46A1.A2020241.h20v04.001.2020242082839.h5","https://ladsweb.modaps.eosdis.nasa.gov/archive/allData/5000/VNP46A1/2020/241/VNP46A1.A2020241.h20v04.001.2020242082839.h5",2020,"241"
"VNP46A1.A2020241.h20v05.001.2020242082852.h5","https://ladsweb.modaps.eosdis.nasa.gov/archive/allData/5000/VNP46A1/2020/241/VNP46A1.A2020241.h20v05.001.2020242082852.h5",2020,"241"
"VNP46A1.A2020241.h20v06.001.2020242082838.h5","https://ladsweb.modaps.eosdis.nasa.gov/archive/allData/5000/VNP46A1/2020/241/VNP46A1.A2020241.h20v06.001.2020242082838.h5",2020,"241"
"VNP46A1.A2020241.h20v07.001.2020242082844.h5","https://ladsweb.modaps.eosdis.nasa.gov/archive/allData/5000/VNP46A1/2020/241/VNP46A1.A2020241.h20v07.001.2020242082844.h5",2020,"241"
"VNP46A1.A2020241.h20v08.001.2020242082835.h5","https://ladsweb.modaps.eosdis.nasa.gov/archive/allData/5000/VNP46A1/2020/241/VNP46A1.A2020241.h20v08.001.2020242082835.h5",2020,"241"
"VNP46A1.A2020241.h20v09.001.2020242082840.h5","https://ladsweb.modaps.eosdis.nasa.gov/archive/allData/5000/VNP46A1/2020/241/VNP46A1.A2020241.h20v09.001.2020242082840.h5",2020,"241"
"VNP46A1.A2020241.h20v10.001.2020242082841.h5","https://ladsweb.modaps.eosdis.nasa.gov/archive/allData/5000/VNP46A1/2020/241/VNP46A1.A2020241.h20v10.001.2020242082841.h5",2020,"241"
"VNP46A1.A2020241.h20v11.001.2020242082837.h5","https://ladsweb.modaps.eosdis.nasa.gov/archive/allData/5000/VNP46A1/2020/241/VNP46A1.A2020241.h20v11.001.2020242082837.h5",2020,"241"
"VNP46A1.A2020241.h20v12.001.2020242082844.h5","https://ladsweb.modaps.eosdis.nasa.gov/archive/allData/5000/VNP46A1/2020/241/VNP46A1.A2020241.h20v12.001.2020242082844.h5",2020,"241"
"VNP46A1.A2020241.h20v13.001.2020242082845.h5","https://ladsweb.modaps.eosdis.nasa.gov/archive/allData/5000/VNP46A1/2020/241/VNP46A1.A2020241.h20v13.001.2020242082845.h5",2020,"241"
"VNP46A1.A2020241.h20v14.001.2020242082841.h5","https://ladsweb.modaps.eosdis.nasa.gov/archive/allData/5000/VNP46A1/2020/241/VNP46A1.A2020241.h20v14.001.2020242082841.h5",2020,"241"
"VNP46A1.A2020241.h20v15.001.2020242082914.h5","https://ladsweb.modaps.eosdis.nasa.gov/archive/allData/5000/VNP46A1/2020/241/VNP46A1.A2020241.h20v15.001.2020242082914.h5",2020,"241"
"VNP46A1.A2020241.h20v16.001.2020242082938.h5","https://ladsweb.modaps.eosdis.nasa.gov/archive/allData/5000/VNP46A1/2020/241/VNP46A1.A2020241.h20v16.001.2020242082938.h5",2020,"241"
"VNP46A1.A2020241.h20v17.001.2020242082955.h5","https://ladsweb.modaps.eosdis.nasa.gov/archive/allData/5000/VNP46A1/2020/241/VNP46A1.A2020241.h20v17.001.2020242082955.h5",2020,"241"
"VNP46A1.A2020241.h21v01.001.2020242082854.h5","https://ladsweb.modaps.eosdis.nasa.gov/archive/allData/5000/VNP46A1/2020/241/VNP46A1.A2020241.h21v01.001.2020242082854.h5",2020,"241"
"VNP46A1.A2020241.h21v02.001.2020242082850.h5","https://ladsweb.modaps.eosdis.nasa.gov/archive/allData/5000/VNP46A1/2020/241/VNP46A1.A2020241.h21v02.001.2020242082850.h5",2020,"241"
"VNP46A1.A2020241.h21v03.001.2020242082958.h5","https://ladsweb.modaps.eosdis.nasa.gov/archive/allData/5000/VNP46A1/2020/241/VNP46A1.A2020241.h21v03.001.2020242082958.h5",2020,"241"
"VNP46A1.A2020241.h21v04.001.2020242082855.h5","https://ladsweb.modaps.eosdis.nasa.gov/archive/allData/5000/VNP46A1/2020/241/VNP46A1.A2020241.h21v04.001.2020242082855.h5",2020,"241"
"VNP46A1.A2020241.h21v05.001.2020242082952.h5","https://ladsweb.modaps.eosdis.nasa.gov/archive/allData/5000/VNP46A1/2020/241/VNP46A1.A2020241.h21v05.001.2020242082952.h5",2020,"241"
"VNP46A1.A2020241.h21v06.001.2020242082848.h5","https://ladsweb.modaps.eosdis.nasa.gov/archive/allData/5000/VNP46A1/2020/241/VNP46A1.A2020241.h21v06.001.2020242082848.h5",2020,"241"
"VNP46A1.A2020241.h21v07.001.2020242082848.h5","https://ladsweb.modaps.eosdis.nasa.gov/archive/allData/5000/VNP46A1/2020/241/VNP46A1.A2020241.h21v07.001.2020242082848.h5",2020,"241"
"VNP46A1.A2020241.h21v08.001.2020242082858.h5","https://ladsweb.modaps.eosdis.nasa.gov/archive/allData/5000/VNP46A1/2020/241/VNP46A1.A2020241.h21v08.001.2020242082858.h5",2020,"241"
"VNP46A1.A2020241.h21v09.001.2020242082855.h5","https://ladsweb.modaps.eosdis.nasa.gov/archive/allData/5000/VNP46A1/2020/241/VNP46A1.A2020241.h21v09.001.2020242082855.h5",2020,"241"
"VNP46A1.A2020241.h21v10.001.2020242082858.h5","https://ladsweb.modaps.eosdis.nasa.gov/archive/allData/5000/VNP46A1/2020/241/VNP46A1.A2020241.h21v10.001.2020242082858.h5",2020,"241"
"VNP46A1.A2020241.h21v11.001.2020242082911.h5","https://ladsweb.modaps.eosdis.nasa.gov/archive/allData/5000/VNP46A1/2020/241/VNP46A1.A2020241.h21v11.001.2020242082911.h5",2020,"241"
"VNP46A1.A2020241.h21v12.001.2020242082914.h5","https://ladsweb.modaps.eosdis.nasa.gov/archive/allData/5000/VNP46A1/2020/241/VNP46A1.A2020241.h21v12.001.2020242082914.h5",2020,"241"
"VNP46A1.A2020241.h21v13.001.2020242082905.h5","https://ladsweb.modaps.eosdis.nasa.gov/archive/allData/5000/VNP46A1/2020/241/VNP46A1.A2020241.h21v13.001.2020242082905.h5",2020,"241"
"VNP46A1.A2020241.h21v14.001.2020242082929.h5","https://ladsweb.modaps.eosdis.nasa.gov/archive/allData/5000/VNP46A1/2020/241/VNP46A1.A2020241.h21v14.001.2020242082929.h5",2020,"241"
"VNP46A1.A2020241.h21v15.001.2020242082955.h5","https://ladsweb.modaps.eosdis.nasa.gov/archive/allData/5000/VNP46A1/2020/241/VNP46A1.A2020241.h21v15.001.2020242082955.h5",2020,"241"
"VNP46A1.A2020241.h21v16.001.2020242082946.h5","https://ladsweb.modaps.eosdis.nasa.gov/archive/allData/5000/VNP46A1/2020/241/VNP46A1.A2020241.h21v16.001.2020242082946.h5",2020,"241"
"VNP46A1.A2020241.h21v17.001.2020242082955.h5","https://ladsweb.modaps.eosdis.nasa.gov/archive/allData/5000/VNP46A1/2020/241/VNP46A1.A2020241.h21v17.001.2020242082955.h5",2020,"241"
"VNP46A1.A2020241.h22v01.001.2020242082917.h5","https://ladsweb.modaps.eosdis.nasa.gov/archive/allData/5000/VNP46A1/2020/241/VNP46A1.A2020241.h22v01.001.2020242082917.h5",2020,"241"
"VNP46A1.A2020241.h22v02.001.2020242082923.h5","https://ladsweb.modaps.eosdis.nasa.gov/archive/allData/5000/VNP46A1/2020/241/VNP46A1.A2020241.h22v02.001.2020242082923.h5",2020,"241"
"VNP46A1.A2020241.h22v03.001.2020242082926.h5","https://ladsweb.modaps.eosdis.nasa.gov/archive/allData/5000/VNP46A1/2020/241/VNP46A1.A2020241.h22v03.001.2020242082926.h5",2020,"241"
"VNP46A1.A2020241.h22v04.001.2020242082925.h5","https://ladsweb.modaps.eosdis.nasa.gov/archive/allData/5000/VNP46A1/2020/241/VNP46A1.A2020241.h22v04.001.2020242082925.h5",2020,"241"
"VNP46A1.A2020241.h22v05.001.2020242082922.h5","https://ladsweb.modaps.eosdis.nasa.gov/archive/allData/5000/VNP46A1/2020/241/VNP46A1.A2020241.h22v05.001.2020242082922.h5",2020,"241"
"VNP46A1.A2020241.h22v06.001.2020242082923.h5","https://ladsweb.modaps.eosdis.nasa.gov/archive/allData/5000/VNP46A1/2020/241/VNP46A1.A2020241.h22v06.001.2020242082923.h5",2020,"241"
"VNP46A1.A2020241.h22v07.001.2020242082922.h5","https://ladsweb.modaps.eosdis.nasa.gov/archive/allData/5000/VNP46A1/2020/241/VNP46A1.A2020241.h22v07.001.2020242082922.h5",2020,"241"
"VNP46A1.A2020241.h22v08.001.2020242082922.h5","https://ladsweb.modaps.eosdis.nasa.gov/archive/allData/5000/VNP46A1/2020/241/VNP46A1.A2020241.h22v08.001.2020242082922.h5",2020,"241"
"VNP46A1.A2020241.h22v09.001.2020242082921.h5","https://ladsweb.modaps.eosdis.nasa.gov/archive/allData/5000/VNP46A1/2020/241/VNP46A1.A2020241.h22v09.001.2020242082921.h5",2020,"241"
"VNP46A1.A2020241.h22v10.001.2020242082924.h5","https://ladsweb.modaps.eosdis.nasa.gov/archive/allData/5000/VNP46A1/2020/241/VNP46A1.A2020241.h22v10.001.2020242082924.h5",2020,"241"
"VNP46A1.A2020241.h22v11.001.2020242082925.h5","https://ladsweb.modaps.eosdis.nasa.gov/archive/allData/5000/VNP46A1/2020/241/VNP46A1.A2020241.h22v11.001.2020242082925.h5",2020,"241"
"VNP46A1.A2020241.h22v12.001.2020242083000.h5","https://ladsweb.modaps.eosdis.nasa.gov/archive/allData/5000/VNP46A1/2020/241/VNP46A1.A2020241.h22v12.001.2020242083000.h5",2020,"241"
"VNP46A1.A2020241.h22v13.001.2020242082941.h5","https://ladsweb.modaps.eosdis.nasa.gov/archive/allData/5000/VNP46A1/2020/241/VNP46A1.A2020241.h22v13.001.2020242082941.h5",2020,"241"
"VNP46A1.A2020241.h22v14.001.2020242082952.h5","https://ladsweb.modaps.eosdis.nasa.gov/archive/allData/5000/VNP46A1/2020/241/VNP46A1.A2020241.h22v14.001.2020242082952.h5",2020,"241"
"VNP46A1.A2020241.h22v15.001.2020242083018.h5","https://ladsweb.modaps.eosdis.nasa.gov/archive/allData/5000/VNP46A1/2020/241/VNP46A1.A2020241.h22v15.001.2020242083018.h5",2020,"241"
"VNP46A1.A2020241.h22v16.001.2020242083012.h5","https://ladsweb.modaps.eosdis.nasa.gov/archive/allData/5000/VNP46A1/2020/241/VNP46A1.A2020241.h22v16.001.2020242083012.h5",2020,"241"
"VNP46A1.A2020241.h22v17.001.2020242082956.h5","https://ladsweb.modaps.eosdis.nasa.gov/archive/allData/5000/VNP46A1/2020/241/VNP46A1.A2020241.h22v17.001.2020242082956.h5",2020,"241"
"VNP46A1.A2020241.h23v01.001.2020242082929.h5","https://ladsweb.modaps.eosdis.nasa.gov/archive/allData/5000/VNP46A1/2020/241/VNP46A1.A2020241.h23v01.001.2020242082929.h5",2020,"241"
"VNP46A1.A2020241.h23v02.001.2020242082948.h5","https://ladsweb.modaps.eosdis.nasa.gov/archive/allData/5000/VNP46A1/2020/241/VNP46A1.A2020241.h23v02.001.2020242082948.h5",2020,"241"
"VNP46A1.A2020241.h23v03.001.2020242082940.h5","https://ladsweb.modaps.eosdis.nasa.gov/archive/allData/5000/VNP46A1/2020/241/VNP46A1.A2020241.h23v03.001.2020242082940.h5",2020,"241"
"VNP46A1.A2020241.h23v04.001.2020242082941.h5","https://ladsweb.modaps.eosdis.nasa.gov/archive/allData/5000/VNP46A1/2020/241/VNP46A1.A2020241.h23v04.001.2020242082941.h5",2020,"241"
"VNP46A1.A2020241.h23v05.001.2020242082943.h5","https://ladsweb.modaps.eosdis.nasa.gov/archive/allData/5000/VNP46A1/2020/241/VNP46A1.A2020241.h23v05.001.2020242082943.h5",2020,"241"
"VNP46A1.A2020241.h23v06.001.2020242083013.h5","https://ladsweb.modaps.eosdis.nasa.gov/archive/allData/5000/VNP46A1/2020/241/VNP46A1.A2020241.h23v06.001.2020242083013.h5",2020,"241"
"VNP46A1.A2020241.h23v07.001.2020242082955.h5","https://ladsweb.modaps.eosdis.nasa.gov/archive/allData/5000/VNP46A1/2020/241/VNP46A1.A2020241.h23v07.001.2020242082955.h5",2020,"241"
"VNP46A1.A2020241.h23v08.001.2020242082942.h5","https://ladsweb.modaps.eosdis.nasa.gov/archive/allData/5000/VNP46A1/2020/241/VNP46A1.A2020241.h23v08.001.2020242082942.h5",2020,"241"
"VNP46A1.A2020241.h23v09.001.2020242082943.h5","https://ladsweb.modaps.eosdis.nasa.gov/archive/allData/5000/VNP46A1/2020/241/VNP46A1.A2020241.h23v09.001.2020242082943.h5",2020,"241"
"VNP46A1.A2020241.h23v10.001.2020242082948.h5","https://ladsweb.modaps.eosdis.nasa.gov/archive/allData/5000/VNP46A1/2020/241/VNP46A1.A2020241.h23v10.001.2020242082948.h5",2020,"241"
"VNP46A1.A2020241.h23v11.001.2020242082946.h5","https://ladsweb.modaps.eosdis.nasa.gov/archive/allData/5000/VNP46A1/2020/241/VNP46A1.A2020241.h23v11.001.2020242082946.h5",2020,"241"
"VNP46A1.A2020241.h23v12.001.2020242082950.h5","https://ladsweb.modaps.eosdis.nasa.gov/archive/allData/5000/VNP46A1/2020/241/VNP46A1.A2020241.h23v12.001.2020242082950.h5",2020,"241"
"VNP46A1.A2020241.h23v13.001.2020242083006.h5","https://ladsweb.modaps.eosdis.nasa.gov/archive/allData/5000/VNP46A1/2020/241/VNP46A1.A2020241.h23v13.001.2020242083006.h5",2020,"241"
"VNP46A1.A2020241.h23v14.001.2020242083016.h5","https://ladsweb.modaps.eosdis.nasa.gov/archive/allData/5000/VNP46A1/2020/241/VNP46A1.A2020241.h23v14.001.2020242083016.h5",2020,"241"
"VNP46A1.A2020241.h23v15.001.2020242083026.h5","https://ladsweb.modaps.eosdis.nasa.gov/archive/allData/5000/VNP46A1/2020/241/VNP46A1.A2020241.h23v15.001.2020242083026.h5",2020,"241"
"VNP46A1.A2020241.h23v16.001.2020242083026.h5","https://ladsweb.modaps.eosdis.nasa.gov/archive/allData/5000/VNP46A1/2020/241/VNP46A1.A2020241.h23v16.001.2020242083026.h5",2020,"241"
"VNP46A1.A2020241.h23v17.001.2020242083014.h5","https://ladsweb.modaps.eosdis.nasa.gov/archive/allData/5000/VNP46A1/2020/241/VNP46A1.A2020241.h23v17.001.2020242083014.h5",2020,"241"
"VNP46A1.A2020241.h24v01.001.2020242083009.h5","https://ladsweb.modaps.eosdis.nasa.gov/archive/allData/5000/VNP46A1/2020/241/VNP46A1.A2020241.h24v01.001.2020242083009.h5",2020,"241"
"VNP46A1.A2020241.h24v02.001.2020242083000.h5","https://ladsweb.modaps.eosdis.nasa.gov/archive/allData/5000/VNP46A1/2020/241/VNP46A1.A2020241.h24v02.001.2020242083000.h5",2020,"241"
"VNP46A1.A2020241.h24v03.001.2020242082956.h5","https://ladsweb.modaps.eosdis.nasa.gov/archive/allData/5000/VNP46A1/2020/241/VNP46A1.A2020241.h24v03.001.2020242082956.h5",2020,"241"
"VNP46A1.A2020241.h24v04.001.2020242083010.h5","https://ladsweb.modaps.eosdis.nasa.gov/archive/allData/5000/VNP46A1/2020/241/VNP46A1.A2020241.h24v04.001.2020242083010.h5",2020,"241"
"VNP46A1.A2020241.h24v05.001.2020242083007.h5","https://ladsweb.modaps.eosdis.nasa.gov/archive/allData/5000/VNP46A1/2020/241/VNP46A1.A2020241.h24v05.001.2020242083007.h5",2020,"241"
"VNP46A1.A2020241.h24v06.001.2020242083000.h5","https://ladsweb.modaps.eosdis.nasa.gov/archive/allData/5000/VNP46A1/2020/241/VNP46A1.A2020241.h24v06.001.2020242083000.h5",2020,"241"
"VNP46A1.A2020241.h24v07.001.2020242083009.h5","https://ladsweb.modaps.eosdis.nasa.gov/archive/allData/5000/VNP46A1/2020/241/VNP46A1.A2020241.h24v07.001.2020242083009.h5",2020,"241"
"VNP46A1.A2020241.h24v08.001.2020242083004.h5","https://ladsweb.modaps.eosdis.nasa.gov/archive/allData/5000/VNP46A1/2020/241/VNP46A1.A2020241.h24v08.001.2020242083004.h5",2020,"241"
"VNP46A1.A2020241.h24v09.001.2020242083009.h5","https://ladsweb.modaps.eosdis.nasa.gov/archive/allData/5000/VNP46A1/2020/241/VNP46A1.A2020241.h24v09.001.2020242083009.h5",2020,"241"
"VNP46A1.A2020241.h24v10.001.2020242083014.h5","https://ladsweb.modaps.eosdis.nasa.gov/archive/allData/5000/VNP46A1/2020/241/VNP46A1.A2020241.h24v10.001.2020242083014.h5",2020,"241"
"VNP46A1.A2020241.h24v11.001.2020242083004.h5","https://ladsweb.modaps.eosdis.nasa.gov/archive/allData/5000/VNP46A1/2020/241/VNP46A1.A2020241.h24v11.001.2020242083004.h5",2020,"241"
"VNP46A1.A2020241.h24v12.001.2020242083014.h5","https://ladsweb.modaps.eosdis.nasa.gov/archive/allData/5000/VNP46A1/2020/241/VNP46A1.A2020241.h24v12.001.2020242083014.h5",2020,"241"
"VNP46A1.A2020241.h24v13.001.2020242083007.h5","https://ladsweb.modaps.eosdis.nasa.gov/archive/allData/5000/VNP46A1/2020/241/VNP46A1.A2020241.h24v13.001.2020242083007.h5",2020,"241"
"VNP46A1.A2020241.h24v14.001.2020242083015.h5","https://ladsweb.modaps.eosdis.nasa.gov/archive/allData/5000/VNP46A1/2020/241/VNP46A1.A2020241.h24v14.001.2020242083015.h5",2020,"241"
"VNP46A1.A2020241.h24v15.001.2020242083050.h5","https://ladsweb.modaps.eosdis.nasa.gov/archive/allData/5000/VNP46A1/2020/241/VNP46A1.A2020241.h24v15.001.2020242083050.h5",2020,"241"
"VNP46A1.A2020241.h24v16.001.2020242083036.h5","https://ladsweb.modaps.eosdis.nasa.gov/archive/allData/5000/VNP46A1/2020/241/VNP46A1.A2020241.h24v16.001.2020242083036.h5",2020,"241"
"VNP46A1.A2020241.h24v17.001.2020242083016.h5","https://ladsweb.modaps.eosdis.nasa.gov/archive/allData/5000/VNP46A1/2020/241/VNP46A1.A2020241.h24v17.001.2020242083016.h5",2020,"241"
"VNP46A1.A2020241.h25v01.001.2020242083022.h5","https://ladsweb.modaps.eosdis.nasa.gov/archive/allData/5000/VNP46A1/2020/241/VNP46A1.A2020241.h25v01.001.2020242083022.h5",2020,"241"
"VNP46A1.A2020241.h25v02.001.2020242083037.h5","https://ladsweb.modaps.eosdis.nasa.gov/archive/allData/5000/VNP46A1/2020/241/VNP46A1.A2020241.h25v02.001.2020242083037.h5",2020,"241"
"VNP46A1.A2020241.h25v03.001.2020242083047.h5","https://ladsweb.modaps.eosdis.nasa.gov/archive/allData/5000/VNP46A1/2020/241/VNP46A1.A2020241.h25v03.001.2020242083047.h5",2020,"241"
"VNP46A1.A2020241.h25v04.001.2020242083028.h5","https://ladsweb.modaps.eosdis.nasa.gov/archive/allData/5000/VNP46A1/2020/241/VNP46A1.A2020241.h25v04.001.2020242083028.h5",2020,"241"
"VNP46A1.A2020241.h25v05.001.2020242083018.h5","https://ladsweb.modaps.eosdis.nasa.gov/archive/allData/5000/VNP46A1/2020/241/VNP46A1.A2020241.h25v05.001.2020242083018.h5",2020,"241"
"VNP46A1.A2020241.h25v06.001.2020242083044.h5","https://ladsweb.modaps.eosdis.nasa.gov/archive/allData/5000/VNP46A1/2020/241/VNP46A1.A2020241.h25v06.001.2020242083044.h5",2020,"241"
"VNP46A1.A2020241.h25v07.001.2020242083021.h5","https://ladsweb.modaps.eosdis.nasa.gov/archive/allData/5000/VNP46A1/2020/241/VNP46A1.A2020241.h25v07.001.2020242083021.h5",2020,"241"
"VNP46A1.A2020241.h25v08.001.2020242083030.h5","https://ladsweb.modaps.eosdis.nasa.gov/archive/allData/5000/VNP46A1/2020/241/VNP46A1.A2020241.h25v08.001.2020242083030.h5",2020,"241"
"VNP46A1.A2020241.h25v09.001.2020242083024.h5","https://ladsweb.modaps.eosdis.nasa.gov/archive/allData/5000/VNP46A1/2020/241/VNP46A1.A2020241.h25v09.001.2020242083024.h5",2020,"241"
"VNP46A1.A2020241.h25v10.001.2020242083033.h5","https://ladsweb.modaps.eosdis.nasa.gov/archive/allData/5000/VNP46A1/2020/241/VNP46A1.A2020241.h25v10.001.2020242083033.h5",2020,"241"
"VNP46A1.A2020241.h25v11.001.2020242083022.h5","https://ladsweb.modaps.eosdis.nasa.gov/archive/allData/5000/VNP46A1/2020/241/VNP46A1.A2020241.h25v11.001.2020242083022.h5",2020,"241"
"VNP46A1.A2020241.h25v12.001.2020242083033.h5","https://ladsweb.modaps.eosdis.nasa.gov/archive/allData/5000/VNP46A1/2020/241/VNP46A1.A2020241.h25v12.001.2020242083033.h5",2020,"241"
"VNP46A1.A2020241.h25v13.001.2020242083043.h5","https://ladsweb.modaps.eosdis.nasa.gov/archive/allData/5000/VNP46A1/2020/241/VNP46A1.A2020241.h25v13.001.2020242083043.h5",2020,"241"
"VNP46A1.A2020241.h25v14.001.2020242083050.h5","https://ladsweb.modaps.eosdis.nasa.gov/archive/allData/5000/VNP46A1/2020/241/VNP46A1.A2020241.h25v14.001.2020242083050.h5",2020,"241"
"VNP46A1.A2020241.h25v15.001.2020242083054.h5","https://ladsweb.modaps.eosdis.nasa.gov/archive/allData/5000/VNP46A1/2020/241/VNP46A1.A2020241.h25v15.001.2020242083054.h5",2020,"241"
"VNP46A1.A2020241.h25v16.001.2020242083042.h5","https://ladsweb.modaps.eosdis.nasa.gov/archive/allData/5000/VNP46A1/2020/241/VNP46A1.A2020241.h25v16.001.2020242083042.h5",2020,"241"
"VNP46A1.A2020241.h25v17.001.2020242083043.h5","https://ladsweb.modaps.eosdis.nasa.gov/archive/allData/5000/VNP46A1/2020/241/VNP46A1.A2020241.h25v17.001.2020242083043.h5",2020,"241"
"VNP46A1.A2020241.h26v01.001.2020242083042.h5","https://ladsweb.modaps.eosdis.nasa.gov/archive/allData/5000/VNP46A1/2020/241/VNP46A1.A2020241.h26v01.001.2020242083042.h5",2020,"241"
"VNP46A1.A2020241.h26v02.001.2020242083047.h5","https://ladsweb.modaps.eosdis.nasa.gov/archive/allData/5000/VNP46A1/2020/241/VNP46A1.A2020241.h26v02.001.2020242083047.h5",2020,"241"
"VNP46A1.A2020241.h26v03.001.2020242083053.h5","https://ladsweb.modaps.eosdis.nasa.gov/archive/allData/5000/VNP46A1/2020/241/VNP46A1.A2020241.h26v03.001.2020242083053.h5",2020,"241"
"VNP46A1.A2020241.h26v04.001.2020242083056.h5","https://ladsweb.modaps.eosdis.nasa.gov/archive/allData/5000/VNP46A1/2020/241/VNP46A1.A2020241.h26v04.001.2020242083056.h5",2020,"241"
"VNP46A1.A2020241.h26v05.001.2020242083045.h5","https://ladsweb.modaps.eosdis.nasa.gov/archive/allData/5000/VNP46A1/2020/241/VNP46A1.A2020241.h26v05.001.2020242083045.h5",2020,"241"
"VNP46A1.A2020241.h26v06.001.2020242083045.h5","https://ladsweb.modaps.eosdis.nasa.gov/archive/allData/5000/VNP46A1/2020/241/VNP46A1.A2020241.h26v06.001.2020242083045.h5",2020,"241"
"VNP46A1.A2020241.h26v07.001.2020242083046.h5","https://ladsweb.modaps.eosdis.nasa.gov/archive/allData/5000/VNP46A1/2020/241/VNP46A1.A2020241.h26v07.001.2020242083046.h5",2020,"241"
"VNP46A1.A2020241.h26v08.001.2020242083045.h5","https://ladsweb.modaps.eosdis.nasa.gov/archive/allData/5000/VNP46A1/2020/241/VNP46A1.A2020241.h26v08.001.2020242083045.h5",2020,"241"
"VNP46A1.A2020241.h26v09.001.2020242083049.h5","https://ladsweb.modaps.eosdis.nasa.gov/archive/allData/5000/VNP46A1/2020/241/VNP46A1.A2020241.h26v09.001.2020242083049.h5",2020,"241"
"VNP46A1.A2020241.h26v10.001.2020242083057.h5","https://ladsweb.modaps.eosdis.nasa.gov/archive/allData/5000/VNP46A1/2020/241/VNP46A1.A2020241.h26v10.001.2020242083057.h5",2020,"241"
"VNP46A1.A2020241.h26v11.001.2020242083050.h5","https://ladsweb.modaps.eosdis.nasa.gov/archive/allData/5000/VNP46A1/2020/241/VNP46A1.A2020241.h26v11.001.2020242083050.h5",2020,"241"
"VNP46A1.A2020241.h26v12.001.2020242083058.h5","https://ladsweb.modaps.eosdis.nasa.gov/archive/allData/5000/VNP46A1/2020/241/VNP46A1.A2020241.h26v12.001.2020242083058.h5",2020,"241"
"VNP46A1.A2020241.h26v13.001.2020242083059.h5","https://ladsweb.modaps.eosdis.nasa.gov/archive/allData/5000/VNP46A1/2020/241/VNP46A1.A2020241.h26v13.001.2020242083059.h5",2020,"241"
"VNP46A1.A2020241.h26v14.001.2020242083128.h5","https://ladsweb.modaps.eosdis.nasa.gov/archive/allData/5000/VNP46A1/2020/241/VNP46A1.A2020241.h26v14.001.2020242083128.h5",2020,"241"
"VNP46A1.A2020241.h26v15.001.2020242083118.h5","https://ladsweb.modaps.eosdis.nasa.gov/archive/allData/5000/VNP46A1/2020/241/VNP46A1.A2020241.h26v15.001.2020242083118.h5",2020,"241"
"VNP46A1.A2020241.h26v16.001.2020242083135.h5","https://ladsweb.modaps.eosdis.nasa.gov/archive/allData/5000/VNP46A1/2020/241/VNP46A1.A2020241.h26v16.001.2020242083135.h5",2020,"241"
"VNP46A1.A2020241.h26v17.001.2020242083135.h5","https://ladsweb.modaps.eosdis.nasa.gov/archive/allData/5000/VNP46A1/2020/241/VNP46A1.A2020241.h26v17.001.2020242083135.h5",2020,"241"
"VNP46A1.A2020241.h27v01.001.2020242083103.h5","https://ladsweb.modaps.eosdis.nasa.gov/archive/allData/5000/VNP46A1/2020/241/VNP46A1.A2020241.h27v01.001.2020242083103.h5",2020,"241"
"VNP46A1.A2020241.h27v02.001.2020242083126.h5","https://ladsweb.modaps.eosdis.nasa.gov/archive/allData/5000/VNP46A1/2020/241/VNP46A1.A2020241.h27v02.001.2020242083126.h5",2020,"241"
"VNP46A1.A2020241.h27v03.001.2020242083127.h5","https://ladsweb.modaps.eosdis.nasa.gov/archive/allData/5000/VNP46A1/2020/241/VNP46A1.A2020241.h27v03.001.2020242083127.h5",2020,"241"
"VNP46A1.A2020241.h27v04.001.2020242083111.h5","https://ladsweb.modaps.eosdis.nasa.gov/archive/allData/5000/VNP46A1/2020/241/VNP46A1.A2020241.h27v04.001.2020242083111.h5",2020,"241"
"VNP46A1.A2020241.h27v05.001.2020242083106.h5","https://ladsweb.modaps.eosdis.nasa.gov/archive/allData/5000/VNP46A1/2020/241/VNP46A1.A2020241.h27v05.001.2020242083106.h5",2020,"241"
"VNP46A1.A2020241.h27v06.001.2020242083107.h5","https://ladsweb.modaps.eosdis.nasa.gov/archive/allData/5000/VNP46A1/2020/241/VNP46A1.A2020241.h27v06.001.2020242083107.h5",2020,"241"
"VNP46A1.A2020241.h27v07.001.2020242083106.h5","https://ladsweb.modaps.eosdis.nasa.gov/archive/allData/5000/VNP46A1/2020/241/VNP46A1.A2020241.h27v07.001.2020242083106.h5",2020,"241"
"VNP46A1.A2020241.h27v08.001.2020242083114.h5","https://ladsweb.modaps.eosdis.nasa.gov/archive/allData/5000/VNP46A1/2020/241/VNP46A1.A2020241.h27v08.001.2020242083114.h5",2020,"241"
"VNP46A1.A2020241.h27v09.001.2020242083116.h5","https://ladsweb.modaps.eosdis.nasa.gov/archive/allData/5000/VNP46A1/2020/241/VNP46A1.A2020241.h27v09.001.2020242083116.h5",2020,"241"
"VNP46A1.A2020241.h27v10.001.2020242083129.h5","https://ladsweb.modaps.eosdis.nasa.gov/archive/allData/5000/VNP46A1/2020/241/VNP46A1.A2020241.h27v10.001.2020242083129.h5",2020,"241"
"VNP46A1.A2020241.h27v11.001.2020242083115.h5","https://ladsweb.modaps.eosdis.nasa.gov/archive/allData/5000/VNP46A1/2020/241/VNP46A1.A2020241.h27v11.001.2020242083115.h5",2020,"241"
"VNP46A1.A2020241.h27v12.001.2020242083148.h5","https://ladsweb.modaps.eosdis.nasa.gov/archive/allData/5000/VNP46A1/2020/241/VNP46A1.A2020241.h27v12.001.2020242083148.h5",2020,"241"
"VNP46A1.A2020241.h27v13.001.2020242083121.h5","https://ladsweb.modaps.eosdis.nasa.gov/archive/allData/5000/VNP46A1/2020/241/VNP46A1.A2020241.h27v13.001.2020242083121.h5",2020,"241"
"VNP46A1.A2020241.h27v14.001.2020242083136.h5","https://ladsweb.modaps.eosdis.nasa.gov/archive/allData/5000/VNP46A1/2020/241/VNP46A1.A2020241.h27v14.001.2020242083136.h5",2020,"241"
"VNP46A1.A2020241.h27v15.001.2020242083137.h5","https://ladsweb.modaps.eosdis.nasa.gov/archive/allData/5000/VNP46A1/2020/241/VNP46A1.A2020241.h27v15.001.2020242083137.h5",2020,"241"
"VNP46A1.A2020241.h27v16.001.2020242083149.h5","https://ladsweb.modaps.eosdis.nasa.gov/archive/allData/5000/VNP46A1/2020/241/VNP46A1.A2020241.h27v16.001.2020242083149.h5",2020,"241"
"VNP46A1.A2020241.h27v17.001.2020242083134.h5","https://ladsweb.modaps.eosdis.nasa.gov/archive/allData/5000/VNP46A1/2020/241/VNP46A1.A2020241.h27v17.001.2020242083134.h5",2020,"241"
"VNP46A1.A2020241.h28v01.001.2020242083131.h5","https://ladsweb.modaps.eosdis.nasa.gov/archive/allData/5000/VNP46A1/2020/241/VNP46A1.A2020241.h28v01.001.2020242083131.h5",2020,"241"
"VNP46A1.A2020241.h28v02.001.2020242083142.h5","https://ladsweb.modaps.eosdis.nasa.gov/archive/allData/5000/VNP46A1/2020/241/VNP46A1.A2020241.h28v02.001.2020242083142.h5",2020,"241"
"VNP46A1.A2020241.h28v03.001.2020242083135.h5","https://ladsweb.modaps.eosdis.nasa.gov/archive/allData/5000/VNP46A1/2020/241/VNP46A1.A2020241.h28v03.001.2020242083135.h5",2020,"241"
"VNP46A1.A2020241.h28v04.001.2020242083132.h5","https://ladsweb.modaps.eosdis.nasa.gov/archive/allData/5000/VNP46A1/2020/241/VNP46A1.A2020241.h28v04.001.2020242083132.h5",2020,"241"
"VNP46A1.A2020241.h28v05.001.2020242083136.h5","https://ladsweb.modaps.eosdis.nasa.gov/archive/allData/5000/VNP46A1/2020/241/VNP46A1.A2020241.h28v05.001.2020242083136.h5",2020,"241"
"VNP46A1.A2020241.h28v06.001.2020242083136.h5","https://ladsweb.modaps.eosdis.nasa.gov/archive/allData/5000/VNP46A1/2020/241/VNP46A1.A2020241.h28v06.001.2020242083136.h5",2020,"241"
"VNP46A1.A2020241.h28v07.001.2020242083134.h5","https://ladsweb.modaps.eosdis.nasa.gov/archive/allData/5000/VNP46A1/2020/241/VNP46A1.A2020241.h28v07.001.2020242083134.h5",2020,"241"
"VNP46A1.A2020241.h28v08.001.2020242083140.h5","https://ladsweb.modaps.eosdis.nasa.gov/archive/allData/5000/VNP46A1/2020/241/VNP46A1.A2020241.h28v08.001.2020242083140.h5",2020,"241"
"VNP46A1.A2020241.h28v09.001.2020242083141.h5","https://ladsweb.modaps.eosdis.nasa.gov/archive/allData/5000/VNP46A1/2020/241/VNP46A1.A2020241.h28v09.001.2020242083141.h5",2020,"241"
"VNP46A1.A2020241.h28v10.001.2020242083139.h5","https://ladsweb.modaps.eosdis.nasa.gov/archive/allData/5000/VNP46A1/2020/241/VNP46A1.A2020241.h28v10.001.2020242083139.h5",2020,"241"
"VNP46A1.A2020241.h28v11.001.2020242083144.h5","https://ladsweb.modaps.eosdis.nasa.gov/archive/allData/5000/VNP46A1/2020/241/VNP46A1.A2020241.h28v11.001.2020242083144.h5",2020,"241"
"VNP46A1.A2020241.h28v12.001.2020242083202.h5","https://ladsweb.modaps.eosdis.nasa.gov/archive/allData/5000/VNP46A1/2020/241/VNP46A1.A2020241.h28v12.001.2020242083202.h5",2020,"241"
"VNP46A1.A2020241.h28v13.001.2020242083158.h5","https://ladsweb.modaps.eosdis.nasa.gov/archive/allData/5000/VNP46A1/2020/241/VNP46A1.A2020241.h28v13.001.2020242083158.h5",2020,"241"
"VNP46A1.A2020241.h28v14.001.2020242083145.h5","https://ladsweb.modaps.eosdis.nasa.gov/archive/allData/5000/VNP46A1/2020/241/VNP46A1.A2020241.h28v14.001.2020242083145.h5",2020,"241"
"VNP46A1.A2020241.h28v15.001.2020242083203.h5","https://ladsweb.modaps.eosdis.nasa.gov/archive/allData/5000/VNP46A1/2020/241/VNP46A1.A2020241.h28v15.001.2020242083203.h5",2020,"241"
"VNP46A1.A2020241.h28v16.001.2020242083148.h5","https://ladsweb.modaps.eosdis.nasa.gov/archive/allData/5000/VNP46A1/2020/241/VNP46A1.A2020241.h28v16.001.2020242083148.h5",2020,"241"
"VNP46A1.A2020241.h28v17.001.2020242083138.h5","https://ladsweb.modaps.eosdis.nasa.gov/archive/allData/5000/VNP46A1/2020/241/VNP46A1.A2020241.h28v17.001.2020242083138.h5",2020,"241"
"VNP46A1.A2020241.h29v01.001.2020242083149.h5","https://ladsweb.modaps.eosdis.nasa.gov/archive/allData/5000/VNP46A1/2020/241/VNP46A1.A2020241.h29v01.001.2020242083149.h5",2020,"241"
"VNP46A1.A2020241.h29v02.001.2020242083158.h5","https://ladsweb.modaps.eosdis.nasa.gov/archive/allData/5000/VNP46A1/2020/241/VNP46A1.A2020241.h29v02.001.2020242083158.h5",2020,"241"
"VNP46A1.A2020241.h29v03.001.2020242083157.h5","https://ladsweb.modaps.eosdis.nasa.gov/archive/allData/5000/VNP46A1/2020/241/VNP46A1.A2020241.h29v03.001.2020242083157.h5",2020,"241"
"VNP46A1.A2020241.h29v04.001.2020242083153.h5","https://ladsweb.modaps.eosdis.nasa.gov/archive/allData/5000/VNP46A1/2020/241/VNP46A1.A2020241.h29v04.001.2020242083153.h5",2020,"241"
"VNP46A1.A2020241.h29v05.001.2020242083148.h5","https://ladsweb.modaps.eosdis.nasa.gov/archive/allData/5000/VNP46A1/2020/241/VNP46A1.A2020241.h29v05.001.2020242083148.h5",2020,"241"
"VNP46A1.A2020241.h29v06.001.2020242083200.h5","https://ladsweb.modaps.eosdis.nasa.gov/archive/allData/5000/VNP46A1/2020/241/VNP46A1.A2020241.h29v06.001.2020242083200.h5",2020,"241"
"VNP46A1.A2020241.h29v07.001.2020242083152.h5","https://ladsweb.modaps.eosdis.nasa.gov/archive/allData/5000/VNP46A1/2020/241/VNP46A1.A2020241.h29v07.001.2020242083152.h5",2020,"241"
"VNP46A1.A2020241.h29v08.001.2020242083154.h5","https://ladsweb.modaps.eosdis.nasa.gov/archive/allData/5000/VNP46A1/2020/241/VNP46A1.A2020241.h29v08.001.2020242083154.h5",2020,"241"
"VNP46A1.A2020241.h29v09.001.2020242083202.h5","https://ladsweb.modaps.eosdis.nasa.gov/archive/allData/5000/VNP46A1/2020/241/VNP46A1.A2020241.h29v09.001.2020242083202.h5",2020,"241"
"VNP46A1.A2020241.h29v10.001.2020242083206.h5","https://ladsweb.modaps.eosdis.nasa.gov/archive/allData/5000/VNP46A1/2020/241/VNP46A1.A2020241.h29v10.001.2020242083206.h5",2020,"241"
"VNP46A1.A2020241.h29v11.001.2020242083201.h5","https://ladsweb.modaps.eosdis.nasa.gov/archive/allData/5000/VNP46A1/2020/241/VNP46A1.A2020241.h29v11.001.2020242083201.h5",2020,"241"
"VNP46A1.A2020241.h29v12.001.2020242083210.h5","https://ladsweb.modaps.eosdis.nasa.gov/archive/allData/5000/VNP46A1/2020/241/VNP46A1.A2020241.h29v12.001.2020242083210.h5",2020,"241"
"VNP46A1.A2020241.h29v13.001.2020242083211.h5","https://ladsweb.modaps.eosdis.nasa.gov/archive/allData/5000/VNP46A1/2020/241/VNP46A1.A2020241.h29v13.001.2020242083211.h5",2020,"241"
"VNP46A1.A2020241.h29v14.001.2020242083213.h5","https://ladsweb.modaps.eosdis.nasa.gov/archive/allData/5000/VNP46A1/2020/241/VNP46A1.A2020241.h29v14.001.2020242083213.h5",2020,"241"
"VNP46A1.A2020241.h29v15.001.2020242083223.h5","https://ladsweb.modaps.eosdis.nasa.gov/archive/allData/5000/VNP46A1/2020/241/VNP46A1.A2020241.h29v15.001.2020242083223.h5",2020,"241"
"VNP46A1.A2020241.h29v16.001.2020242083212.h5","https://ladsweb.modaps.eosdis.nasa.gov/archive/allData/5000/VNP46A1/2020/241/VNP46A1.A2020241.h29v16.001.2020242083212.h5",2020,"241"
"VNP46A1.A2020241.h29v17.001.2020242083223.h5","https://ladsweb.modaps.eosdis.nasa.gov/archive/allData/5000/VNP46A1/2020/241/VNP46A1.A2020241.h29v17.001.2020242083223.h5",2020,"241"
"VNP46A1.A2020241.h30v01.001.2020242083216.h5","https://ladsweb.modaps.eosdis.nasa.gov/archive/allData/5000/VNP46A1/2020/241/VNP46A1.A2020241.h30v01.001.2020242083216.h5",2020,"241"
"VNP46A1.A2020241.h30v02.001.2020242083236.h5","https://ladsweb.modaps.eosdis.nasa.gov/archive/allData/5000/VNP46A1/2020/241/VNP46A1.A2020241.h30v02.001.2020242083236.h5",2020,"241"
"VNP46A1.A2020241.h30v03.001.2020242083228.h5","https://ladsweb.modaps.eosdis.nasa.gov/archive/allData/5000/VNP46A1/2020/241/VNP46A1.A2020241.h30v03.001.2020242083228.h5",2020,"241"
"VNP46A1.A2020241.h30v04.001.2020242083214.h5","https://ladsweb.modaps.eosdis.nasa.gov/archive/allData/5000/VNP46A1/2020/241/VNP46A1.A2020241.h30v04.001.2020242083214.h5",2020,"241"
"VNP46A1.A2020241.h30v05.001.2020242083223.h5","https://ladsweb.modaps.eosdis.nasa.gov/archive/allData/5000/VNP46A1/2020/241/VNP46A1.A2020241.h30v05.001.2020242083223.h5",2020,"241"
"VNP46A1.A2020241.h30v06.001.2020242083222.h5","https://ladsweb.modaps.eosdis.nasa.gov/archive/allData/5000/VNP46A1/2020/241/VNP46A1.A2020241.h30v06.001.2020242083222.h5",2020,"241"
"VNP46A1.A2020241.h30v07.001.2020242083245.h5","https://ladsweb.modaps.eosdis.nasa.gov/archive/allData/5000/VNP46A1/2020/241/VNP46A1.A2020241.h30v07.001.2020242083245.h5",2020,"241"
"VNP46A1.A2020241.h30v08.001.2020242083222.h5","https://ladsweb.modaps.eosdis.nasa.gov/archive/allData/5000/VNP46A1/2020/241/VNP46A1.A2020241.h30v08.001.2020242083222.h5",2020,"241"
"VNP46A1.A2020241.h30v09.001.2020242083218.h5","https://ladsweb.modaps.eosdis.nasa.gov/archive/allData/5000/VNP46A1/2020/241/VNP46A1.A2020241.h30v09.001.2020242083218.h5",2020,"241"
"VNP46A1.A2020241.h30v10.001.2020242083219.h5","https://ladsweb.modaps.eosdis.nasa.gov/archive/allData/5000/VNP46A1/2020/241/VNP46A1.A2020241.h30v10.001.2020242083219.h5",2020,"241"
"VNP46A1.A2020241.h30v11.001.2020242083227.h5","https://ladsweb.modaps.eosdis.nasa.gov/archive/allData/5000/VNP46A1/2020/241/VNP46A1.A2020241.h30v11.001.2020242083227.h5",2020,"241"
"VNP46A1.A2020241.h30v12.001.2020242083223.h5","https://ladsweb.modaps.eosdis.nasa.gov/archive/allData/5000/VNP46A1/2020/241/VNP46A1.A2020241.h30v12.001.2020242083223.h5",2020,"241"
"VNP46A1.A2020241.h30v13.001.2020242083239.h5","https://ladsweb.modaps.eosdis.nasa.gov/archive/allData/5000/VNP46A1/2020/241/VNP46A1.A2020241.h30v13.001.2020242083239.h5",2020,"241"
"VNP46A1.A2020241.h30v14.001.2020242083235.h5","https://ladsweb.modaps.eosdis.nasa.gov/archive/allData/5000/VNP46A1/2020/241/VNP46A1.A2020241.h30v14.001.2020242083235.h5",2020,"241"
"VNP46A1.A2020241.h30v15.001.2020242083321.h5","https://ladsweb.modaps.eosdis.nasa.gov/archive/allData/5000/VNP46A1/2020/241/VNP46A1.A2020241.h30v15.001.2020242083321.h5",2020,"241"
"VNP46A1.A2020241.h30v16.001.2020242083235.h5","https://ladsweb.modaps.eosdis.nasa.gov/archive/allData/5000/VNP46A1/2020/241/VNP46A1.A2020241.h30v16.001.2020242083235.h5",2020,"241"
"VNP46A1.A2020241.h30v17.001.2020242083225.h5","https://ladsweb.modaps.eosdis.nasa.gov/archive/allData/5000/VNP46A1/2020/241/VNP46A1.A2020241.h30v17.001.2020242083225.h5",2020,"241"
"VNP46A1.A2020241.h31v01.001.2020242083249.h5","https://ladsweb.modaps.eosdis.nasa.gov/archive/allData/5000/VNP46A1/2020/241/VNP46A1.A2020241.h31v01.001.2020242083249.h5",2020,"241"
"VNP46A1.A2020241.h31v02.001.2020242083232.h5","https://ladsweb.modaps.eosdis.nasa.gov/archive/allData/5000/VNP46A1/2020/241/VNP46A1.A2020241.h31v02.001.2020242083232.h5",2020,"241"
"VNP46A1.A2020241.h31v03.001.2020242083242.h5","https://ladsweb.modaps.eosdis.nasa.gov/archive/allData/5000/VNP46A1/2020/241/VNP46A1.A2020241.h31v03.001.2020242083242.h5",2020,"241"
"VNP46A1.A2020241.h31v04.001.2020242083233.h5","https://ladsweb.modaps.eosdis.nasa.gov/archive/allData/5000/VNP46A1/2020/241/VNP46A1.A2020241.h31v04.001.2020242083233.h5",2020,"241"
"VNP46A1.A2020241.h31v05.001.2020242083233.h5","https://ladsweb.modaps.eosdis.nasa.gov/archive/allData/5000/VNP46A1/2020/241/VNP46A1.A2020241.h31v05.001.2020242083233.h5",2020,"241"
"VNP46A1.A2020241.h31v06.001.2020242083238.h5","https://ladsweb.modaps.eosdis.nasa.gov/archive/allData/5000/VNP46A1/2020/241/VNP46A1.A2020241.h31v06.001.2020242083238.h5",2020,"241"
"VNP46A1.A2020241.h31v07.001.2020242083236.h5","https://ladsweb.modaps.eosdis.nasa.gov/archive/allData/5000/VNP46A1/2020/241/VNP46A1.A2020241.h31v07.001.2020242083236.h5",2020,"241"
"VNP46A1.A2020241.h31v08.001.2020242083241.h5","https://ladsweb.modaps.eosdis.nasa.gov/archive/allData/5000/VNP46A1/2020/241/VNP46A1.A2020241.h31v08.001.2020242083241.h5",2020,"241"
"VNP46A1.A2020241.h31v09.001.2020242083237.h5","https://ladsweb.modaps.eosdis.nasa.gov/archive/allData/5000/VNP46A1/2020/241/VNP46A1.A2020241.h31v09.001.2020242083237.h5",2020,"241"
"VNP46A1.A2020241.h31v10.001.2020242083241.h5","https://ladsweb.modaps.eosdis.nasa.gov/archive/allData/5000/VNP46A1/2020/241/VNP46A1.A2020241.h31v10.001.2020242083241.h5",2020,"241"
"VNP46A1.A2020241.h31v11.001.2020242083244.h5","https://ladsweb.modaps.eosdis.nasa.gov/archive/allData/5000/VNP46A1/2020/241/VNP46A1.A2020241.h31v11.001.2020242083244.h5",2020,"241"
"VNP46A1.A2020241.h31v12.001.2020242083244.h5","https://ladsweb.modaps.eosdis.nasa.gov/archive/allData/5000/VNP46A1/2020/241/VNP46A1.A2020241.h31v12.001.2020242083244.h5",2020,"241"
"VNP46A1.A2020241.h31v13.001.2020242083240.h5","https://ladsweb.modaps.eosdis.nasa.gov/archive/allData/5000/VNP46A1/2020/241/VNP46A1.A2020241.h31v13.001.2020242083240.h5",2020,"241"
"VNP46A1.A2020241.h31v14.001.2020242083258.h5","https://ladsweb.modaps.eosdis.nasa.gov/archive/allData/5000/VNP46A1/2020/241/VNP46A1.A2020241.h31v14.001.2020242083258.h5",2020,"241"
"VNP46A1.A2020241.h31v15.001.2020242083300.h5","https://ladsweb.modaps.eosdis.nasa.gov/archive/allData/5000/VNP46A1/2020/241/VNP46A1.A2020241.h31v15.001.2020242083300.h5",2020,"241"
"VNP46A1.A2020241.h31v16.001.2020242083300.h5","https://ladsweb.modaps.eosdis.nasa.gov/archive/allData/5000/VNP46A1/2020/241/VNP46A1.A2020241.h31v16.001.2020242083300.h5",2020,"241"
"VNP46A1.A2020241.h31v17.001.2020242083255.h5","https://ladsweb.modaps.eosdis.nasa.gov/archive/allData/5000/VNP46A1/2020/241/VNP46A1.A2020241.h31v17.001.2020242083255.h5",2020,"241"
"VNP46A1.A2020241.h32v01.001.2020242083256.h5","https://ladsweb.modaps.eosdis.nasa.gov/archive/allData/5000/VNP46A1/2020/241/VNP46A1.A2020241.h32v01.001.2020242083256.h5",2020,"241"
"VNP46A1.A2020241.h32v02.001.2020242083302.h5","https://ladsweb.modaps.eosdis.nasa.gov/archive/allData/5000/VNP46A1/2020/241/VNP46A1.A2020241.h32v02.001.2020242083302.h5",2020,"241"
"VNP46A1.A2020241.h32v03.001.2020242083312.h5","https://ladsweb.modaps.eosdis.nasa.gov/archive/allData/5000/VNP46A1/2020/241/VNP46A1.A2020241.h32v03.001.2020242083312.h5",2020,"241"
"VNP46A1.A2020241.h32v04.001.2020242083304.h5","https://ladsweb.modaps.eosdis.nasa.gov/archive/allData/5000/VNP46A1/2020/241/VNP46A1.A2020241.h32v04.001.2020242083304.h5",2020,"241"
"VNP46A1.A2020241.h32v05.001.2020242083257.h5","https://ladsweb.modaps.eosdis.nasa.gov/archive/allData/5000/VNP46A1/2020/241/VNP46A1.A2020241.h32v05.001.2020242083257.h5",2020,"241"
"VNP46A1.A2020241.h32v06.001.2020242083300.h5","https://ladsweb.modaps.eosdis.nasa.gov/archive/allData/5000/VNP46A1/2020/241/VNP46A1.A2020241.h32v06.001.2020242083300.h5",2020,"241"
"VNP46A1.A2020241.h32v07.001.2020242083303.h5","https://ladsweb.modaps.eosdis.nasa.gov/archive/allData/5000/VNP46A1/2020/241/VNP46A1.A2020241.h32v07.001.2020242083303.h5",2020,"241"
"VNP46A1.A2020241.h32v08.001.2020242083304.h5","https://ladsweb.modaps.eosdis.nasa.gov/archive/allData/5000/VNP46A1/2020/241/VNP46A1.A2020241.h32v08.001.2020242083304.h5",2020,"241"
"VNP46A1.A2020241.h32v09.001.2020242083307.h5","https://ladsweb.modaps.eosdis.nasa.gov/archive/allData/5000/VNP46A1/2020/241/VNP46A1.A2020241.h32v09.001.2020242083307.h5",2020,"241"
"VNP46A1.A2020241.h32v10.001.2020242083311.h5","https://ladsweb.modaps.eosdis.nasa.gov/archive/allData/5000/VNP46A1/2020/241/VNP46A1.A2020241.h32v10.001.2020242083311.h5",2020,"241"
"VNP46A1.A2020241.h32v11.001.2020242083348.h5","https://ladsweb.modaps.eosdis.nasa.gov/archive/allData/5000/VNP46A1/2020/241/VNP46A1.A2020241.h32v11.001.2020242083348.h5",2020,"241"
"VNP46A1.A2020241.h32v12.001.2020242083313.h5","https://ladsweb.modaps.eosdis.nasa.gov/archive/allData/5000/VNP46A1/2020/241/VNP46A1.A2020241.h32v12.001.2020242083313.h5",2020,"241"
"VNP46A1.A2020241.h32v13.001.2020242083313.h5","https://ladsweb.modaps.eosdis.nasa.gov/archive/allData/5000/VNP46A1/2020/241/VNP46A1.A2020241.h32v13.001.2020242083313.h5",2020,"241"
"VNP46A1.A2020241.h32v14.001.2020242083311.h5","https://ladsweb.modaps.eosdis.nasa.gov/archive/allData/5000/VNP46A1/2020/241/VNP46A1.A2020241.h32v14.001.2020242083311.h5",2020,"241"
"VNP46A1.A2020241.h32v15.001.2020242083329.h5","https://ladsweb.modaps.eosdis.nasa.gov/archive/allData/5000/VNP46A1/2020/241/VNP46A1.A2020241.h32v15.001.2020242083329.h5",2020,"241"
"VNP46A1.A2020241.h32v16.001.2020242083316.h5","https://ladsweb.modaps.eosdis.nasa.gov/archive/allData/5000/VNP46A1/2020/241/VNP46A1.A2020241.h32v16.001.2020242083316.h5",2020,"241"
"VNP46A1.A2020241.h32v17.001.2020242083331.h5","https://ladsweb.modaps.eosdis.nasa.gov/archive/allData/5000/VNP46A1/2020/241/VNP46A1.A2020241.h32v17.001.2020242083331.h5",2020,"241"
"VNP46A1.A2020241.h33v01.001.2020242083329.h5","https://ladsweb.modaps.eosdis.nasa.gov/archive/allData/5000/VNP46A1/2020/241/VNP46A1.A2020241.h33v01.001.2020242083329.h5",2020,"241"
"VNP46A1.A2020241.h33v02.001.2020242083324.h5","https://ladsweb.modaps.eosdis.nasa.gov/archive/allData/5000/VNP46A1/2020/241/VNP46A1.A2020241.h33v02.001.2020242083324.h5",2020,"241"
"VNP46A1.A2020241.h33v03.001.2020242083328.h5","https://ladsweb.modaps.eosdis.nasa.gov/archive/allData/5000/VNP46A1/2020/241/VNP46A1.A2020241.h33v03.001.2020242083328.h5",2020,"241"
"VNP46A1.A2020241.h33v04.001.2020242083337.h5","https://ladsweb.modaps.eosdis.nasa.gov/archive/allData/5000/VNP46A1/2020/241/VNP46A1.A2020241.h33v04.001.2020242083337.h5",2020,"241"
"VNP46A1.A2020241.h33v05.001.2020242083333.h5","https://ladsweb.modaps.eosdis.nasa.gov/archive/allData/5000/VNP46A1/2020/241/VNP46A1.A2020241.h33v05.001.2020242083333.h5",2020,"241"
"VNP46A1.A2020241.h33v06.001.2020242083328.h5","https://ladsweb.modaps.eosdis.nasa.gov/archive/allData/5000/VNP46A1/2020/241/VNP46A1.A2020241.h33v06.001.2020242083328.h5",2020,"241"
"VNP46A1.A2020241.h33v07.001.2020242083334.h5","https://ladsweb.modaps.eosdis.nasa.gov/archive/allData/5000/VNP46A1/2020/241/VNP46A1.A2020241.h33v07.001.2020242083334.h5",2020,"241"
"VNP46A1.A2020241.h33v08.001.2020242083328.h5","https://ladsweb.modaps.eosdis.nasa.gov/archive/allData/5000/VNP46A1/2020/241/VNP46A1.A2020241.h33v08.001.2020242083328.h5",2020,"241"
"VNP46A1.A2020241.h33v09.001.2020242083326.h5","https://ladsweb.modaps.eosdis.nasa.gov/archive/allData/5000/VNP46A1/2020/241/VNP46A1.A2020241.h33v09.001.2020242083326.h5",2020,"241"
"VNP46A1.A2020241.h33v10.001.2020242083328.h5","https://ladsweb.modaps.eosdis.nasa.gov/archive/allData/5000/VNP46A1/2020/241/VNP46A1.A2020241.h33v10.001.2020242083328.h5",2020,"241"
"VNP46A1.A2020241.h33v11.001.2020242083337.h5","https://ladsweb.modaps.eosdis.nasa.gov/archive/allData/5000/VNP46A1/2020/241/VNP46A1.A2020241.h33v11.001.2020242083337.h5",2020,"241"
"VNP46A1.A2020241.h33v12.001.2020242083340.h5","https://ladsweb.modaps.eosdis.nasa.gov/archive/allData/5000/VNP46A1/2020/241/VNP46A1.A2020241.h33v12.001.2020242083340.h5",2020,"241"
"VNP46A1.A2020241.h33v13.001.2020242083333.h5","https://ladsweb.modaps.eosdis.nasa.gov/archive/allData/5000/VNP46A1/2020/241/VNP46A1.A2020241.h33v13.001.2020242083333.h5",2020,"241"
"VNP46A1.A2020241.h33v14.001.2020242083350.h5","https://ladsweb.modaps.eosdis.nasa.gov/archive/allData/5000/VNP46A1/2020/241/VNP46A1.A2020241.h33v14.001.2020242083350.h5",2020,"241"
"VNP46A1.A2020241.h33v15.001.2020242083337.h5","https://ladsweb.modaps.eosdis.nasa.gov/archive/allData/5000/VNP46A1/2020/241/VNP46A1.A2020241.h33v15.001.2020242083337.h5",2020,"241"
"VNP46A1.A2020241.h33v16.001.2020242083350.h5","https://ladsweb.modaps.eosdis.nasa.gov/archive/allData/5000/VNP46A1/2020/241/VNP46A1.A2020241.h33v16.001.2020242083350.h5",2020,"241"
"VNP46A1.A2020241.h33v17.001.2020242083348.h5","https://ladsweb.modaps.eosdis.nasa.gov/archive/allData/5000/VNP46A1/2020/241/VNP46A1.A2020241.h33v17.001.2020242083348.h5",2020,"241"
"VNP46A1.A2020241.h34v01.001.2020242083352.h5","https://ladsweb.modaps.eosdis.nasa.gov/archive/allData/5000/VNP46A1/2020/241/VNP46A1.A2020241.h34v01.001.2020242083352.h5",2020,"241"
"VNP46A1.A2020241.h34v02.001.2020242083336.h5","https://ladsweb.modaps.eosdis.nasa.gov/archive/allData/5000/VNP46A1/2020/241/VNP46A1.A2020241.h34v02.001.2020242083336.h5",2020,"241"
"VNP46A1.A2020241.h34v03.001.2020242083342.h5","https://ladsweb.modaps.eosdis.nasa.gov/archive/allData/5000/VNP46A1/2020/241/VNP46A1.A2020241.h34v03.001.2020242083342.h5",2020,"241"
"VNP46A1.A2020241.h34v04.001.2020242083342.h5","https://ladsweb.modaps.eosdis.nasa.gov/archive/allData/5000/VNP46A1/2020/241/VNP46A1.A2020241.h34v04.001.2020242083342.h5",2020,"241"
"VNP46A1.A2020241.h34v05.001.2020242083338.h5","https://ladsweb.modaps.eosdis.nasa.gov/archive/allData/5000/VNP46A1/2020/241/VNP46A1.A2020241.h34v05.001.2020242083338.h5",2020,"241"
"VNP46A1.A2020241.h34v06.001.2020242083350.h5","https://ladsweb.modaps.eosdis.nasa.gov/archive/allData/5000/VNP46A1/2020/241/VNP46A1.A2020241.h34v06.001.2020242083350.h5",2020,"241"
"VNP46A1.A2020241.h34v07.001.2020242083346.h5","https://ladsweb.modaps.eosdis.nasa.gov/archive/allData/5000/VNP46A1/2020/241/VNP46A1.A2020241.h34v07.001.2020242083346.h5",2020,"241"
"VNP46A1.A2020241.h34v08.001.2020242083350.h5","https://ladsweb.modaps.eosdis.nasa.gov/archive/allData/5000/VNP46A1/2020/241/VNP46A1.A2020241.h34v08.001.2020242083350.h5",2020,"241"
"VNP46A1.A2020241.h34v09.001.2020242083346.h5","https://ladsweb.modaps.eosdis.nasa.gov/archive/allData/5000/VNP46A1/2020/241/VNP46A1.A2020241.h34v09.001.2020242083346.h5",2020,"241"
"VNP46A1.A2020241.h34v10.001.2020242083352.h5","https://ladsweb.modaps.eosdis.nasa.gov/archive/allData/5000/VNP46A1/2020/241/VNP46A1.A2020241.h34v10.001.2020242083352.h5",2020,"241"
"VNP46A1.A2020241.h34v11.001.2020242083352.h5","https://ladsweb.modaps.eosdis.nasa.gov/archive/allData/5000/VNP46A1/2020/241/VNP46A1.A2020241.h34v11.001.2020242083352.h5",2020,"241"
"VNP46A1.A2020241.h34v12.001.2020242083351.h5","https://ladsweb.modaps.eosdis.nasa.gov/archive/allData/5000/VNP46A1/2020/241/VNP46A1.A2020241.h34v12.001.2020242083351.h5",2020,"241"
"VNP46A1.A2020241.h34v13.001.2020242083355.h5","https://ladsweb.modaps.eosdis.nasa.gov/archive/allData/5000/VNP46A1/2020/241/VNP46A1.A2020241.h34v13.001.2020242083355.h5",2020,"241"
"VNP46A1.A2020241.h34v14.001.2020242083401.h5","https://ladsweb.modaps.eosdis.nasa.gov/archive/allData/5000/VNP46A1/2020/241/VNP46A1.A2020241.h34v14.001.2020242083401.h5",2020,"241"
"VNP46A1.A2020241.h34v15.001.2020242083419.h5","https://ladsweb.modaps.eosdis.nasa.gov/archive/allData/5000/VNP46A1/2020/241/VNP46A1.A2020241.h34v15.001.2020242083419.h5",2020,"241"
"VNP46A1.A2020241.h34v16.001.2020242083440.h5","https://ladsweb.modaps.eosdis.nasa.gov/archive/allData/5000/VNP46A1/2020/241/VNP46A1.A2020241.h34v16.001.2020242083440.h5",2020,"241"
"VNP46A1.A2020241.h34v17.001.2020242083411.h5","https://ladsweb.modaps.eosdis.nasa.gov/archive/allData/5000/VNP46A1/2020/241/VNP46A1.A2020241.h34v17.001.2020242083411.h5",2020,"241"
"VNP46A1.A2020241.h35v01.001.2020242083404.h5","https://ladsweb.modaps.eosdis.nasa.gov/archive/allData/5000/VNP46A1/2020/241/VNP46A1.A2020241.h35v01.001.2020242083404.h5",2020,"241"
"VNP46A1.A2020241.h35v02.001.2020242083417.h5","https://ladsweb.modaps.eosdis.nasa.gov/archive/allData/5000/VNP46A1/2020/241/VNP46A1.A2020241.h35v02.001.2020242083417.h5",2020,"241"
"VNP46A1.A2020241.h35v03.001.2020242083415.h5","https://ladsweb.modaps.eosdis.nasa.gov/archive/allData/5000/VNP46A1/2020/241/VNP46A1.A2020241.h35v03.001.2020242083415.h5",2020,"241"
"VNP46A1.A2020241.h35v04.001.2020242083409.h5","https://ladsweb.modaps.eosdis.nasa.gov/archive/allData/5000/VNP46A1/2020/241/VNP46A1.A2020241.h35v04.001.2020242083409.h5",2020,"241"
"VNP46A1.A2020241.h35v05.001.2020242083414.h5","https://ladsweb.modaps.eosdis.nasa.gov/archive/allData/5000/VNP46A1/2020/241/VNP46A1.A2020241.h35v05.001.2020242083414.h5",2020,"241"
"VNP46A1.A2020241.h35v06.001.2020242083414.h5","https://ladsweb.modaps.eosdis.nasa.gov/archive/allData/5000/VNP46A1/2020/241/VNP46A1.A2020241.h35v06.001.2020242083414.h5",2020,"241"
"VNP46A1.A2020241.h35v07.001.2020242083418.h5","https://ladsweb.modaps.eosdis.nasa.gov/archive/allData/5000/VNP46A1/2020/241/VNP46A1.A2020241.h35v07.001.2020242083418.h5",2020,"241"
"VNP46A1.A2020241.h35v08.001.2020242083417.h5","https://ladsweb.modaps.eosdis.nasa.gov/archive/allData/5000/VNP46A1/2020/241/VNP46A1.A2020241.h35v08.001.2020242083417.h5",2020,"241"
"VNP46A1.A2020241.h35v09.001.2020242083414.h5","https://ladsweb.modaps.eosdis.nasa.gov/archive/allData/5000/VNP46A1/2020/241/VNP46A1.A2020241.h35v09.001.2020242083414.h5",2020,"241"
"VNP46A1.A2020241.h35v10.001.2020242083421.h5","https://ladsweb.modaps.eosdis.nasa.gov/archive/allData/5000/VNP46A1/2020/241/VNP46A1.A2020241.h35v10.001.2020242083421.h5",2020,"241"
"VNP46A1.A2020241.h35v11.001.2020242083419.h5","https://ladsweb.modaps.eosdis.nasa.gov/archive/allData/5000/VNP46A1/2020/241/VNP46A1.A2020241.h35v11.001.2020242083419.h5",2020,"241"
"VNP46A1.A2020241.h35v12.001.2020242083414.h5","https://ladsweb.modaps.eosdis.nasa.gov/archive/allData/5000/VNP46A1/2020/241/VNP46A1.A2020241.h35v12.001.2020242083414.h5",2020,"241"
"VNP46A1.A2020241.h35v13.001.2020242083423.h5","https://ladsweb.modaps.eosdis.nasa.gov/archive/allData/5000/VNP46A1/2020/241/VNP46A1.A2020241.h35v13.001.2020242083423.h5",2020,"241"
"VNP46A1.A2020241.h35v14.001.2020242083431.h5","https://ladsweb.modaps.eosdis.nasa.gov/archive/allData/5000/VNP46A1/2020/241/VNP46A1.A2020241.h35v14.001.2020242083431.h5",2020,"241"
"VNP46A1.A2020241.h35v15.001.2020242083456.h5","https://ladsweb.modaps.eosdis.nasa.gov/archive/allData/5000/VNP46A1/2020/241/VNP46A1.A2020241.h35v15.001.2020242083456.h5",2020,"241"
"VNP46A1.A2020241.h35v16.001.2020242083432.h5","https://ladsweb.modaps.eosdis.nasa.gov/archive/allData/5000/VNP46A1/2020/241/VNP46A1.A2020241.h35v16.001.2020242083432.h5",2020,"241"
"VNP46A1.A2020241.h35v17.001.2020242083449.h5","https://ladsweb.modaps.eosdis.nasa.gov/archive/allData/5000/VNP46A1/2020/241/VNP46A1.A2020241.h35v17.001.2020242083449.h5",2020,"241"
